 1	 2	-1.0389
 1	 3	2.3049
 1	 4	0.4820
 1	 5	1.3438
 1	 6	-0.6013
 1	 7	0.0721
 1	 8	-0.7811
 1	 9	-0.1372
 1	10	-1.0739
 1	11	-1.2581
 1	12	0.9085
 1	13	-0.1484
 1	14	-0.6267
 1	15	0.2868
 1	16	0.4082
 1	17	0.8672
 1	18	-0.5409
 1	19	1.6274
 1	20	-1.2919
 1	21	1.0056
 1	22	-0.8416
 1	23	-1.0391
 1	24	1.1211
 1	25	-0.7494
 1	26	0.7583
 1	27	0.5031
 1	28	-1.3497
 1	29	1.0367
 1	30	1.2638
 1	31	0.5371
 1	32	0.7117
 1	33	0.7174
 1	34	-0.1463
 1	35	-1.1905
 1	36	-1.9087
 1	37	0.2991
 1	38	0.9046
 1	39	1.2861
 1	40	-0.9474
 1	41	0.4586
 1	42	0.5564
 1	43	-0.4967
 1	44	-0.6617
 1	45	-0.2503
 1	46	0.1431
 1	47	1.4315
 1	48	-0.5799
 1	49	-0.8818
 1	50	1.5144
 1	51	-0.3958
 1	52	0.2479
 1	53	-1.2483
 1	54	0.7354
 1	55	-0.2039
 1	56	-1.2041
 1	57	0.4830
 1	58	-0.1921
 1	59	0.3781
 1	60	-3.0765
 1	61	-0.5381
 1	62	-0.8132
 1	63	0.4584
 1	64	0.8540
 1	65	-0.2003
 1	66	0.0384
 1	67	0.3659
 1	68	-0.6825
 1	69	-0.8321
 1	70	0.3400
 1	71	0.2536
 1	72	0.9893
 1	73	0.7121
 1	74	-0.0850
 1	75	0.0931
 1	76	-0.6922
 1	77	0.0578
 1	78	-1.8134
 1	79	0.5244
 1	80	0.6758
 1	81	-0.9121
 1	82	-0.0442
 1	83	-0.1072
 1	84	-0.6650
 1	85	-1.6961
 1	86	-1.3153
 1	87	0.2527
 1	88	-1.4126
 1	89	-1.4765
 1	90	-1.0535
 1	91	0.7554
 1	92	0.4080
 1	93	1.1505
 1	94	0.4690
 1	95	-0.0743
 1	96	-0.3350
 1	97	0.4316
 1	98	0.9440
 1	99	2.0755
 1	100	-1.1887
 1	101	2.0533
 2	 3	-0.9695
 2	 4	-0.8277
 2	 5	0.1481
 2	 6	0.5234
 2	 7	0.1609
 2	 8	0.4749
 2	 9	1.3733
 2	10	-1.6083
 2	11	0.6143
 2	12	0.6152
 2	13	-0.9084
 2	14	-1.2632
 2	15	1.3596
 2	16	-0.8038
 2	17	-0.5880
 2	18	1.1813
 2	19	1.2609
 2	20	0.1916
 2	21	0.2528
 2	22	0.8169
 2	23	-0.7563
 2	24	-0.4190
 2	25	0.4162
 2	26	0.4815
 2	27	0.7188
 2	28	-1.3666
 2	29	-0.2847
 2	30	-1.8686
 2	31	-0.8344
 2	32	-1.8818
 2	33	-0.7236
 2	34	1.1883
 2	35	-0.1942
 2	36	-0.2918
 2	37	0.1776
 2	38	0.4405
 2	39	0.2982
 2	40	-0.0457
 2	41	0.4592
 2	42	0.5531
 2	43	-0.2432
 2	44	-1.3767
 2	45	-0.2531
 2	46	-0.2258
 2	47	0.7290
 2	48	-0.2809
 2	49	1.0080
 2	50	0.8974
 2	51	1.2148
 2	52	-2.5116
 2	53	0.6034
 2	54	-1.8415
 2	55	0.9783
 2	56	-0.6390
 2	57	-0.9743
 2	58	0.6728
 2	59	-0.6344
 2	60	0.3585
 2	61	1.2298
 2	62	-0.9807
 2	63	-0.2907
 2	64	1.3579
 2	65	0.6121
 2	66	-0.8409
 2	67	-0.6030
 2	68	-1.2383
 2	69	-0.3317
 2	70	0.4190
 2	71	-1.4077
 2	72	-1.0796
 2	73	-0.0736
 2	74	0.7419
 2	75	1.7365
 2	76	0.1770
 2	77	0.3602
 2	78	-0.9641
 2	79	0.5562
 2	80	-1.7279
 2	81	-0.8947
 2	82	-1.5764
 2	83	1.4043
 2	84	0.4490
 2	85	0.3397
 2	86	0.7513
 2	87	-0.8097
 2	88	-0.4010
 2	89	2.3191
 2	90	-0.5080
 2	91	0.0593
 2	92	-1.5678
 2	93	-0.3838
 2	94	-0.9676
 2	95	0.8046
 2	96	-1.2020
 2	97	0.3771
 2	98	1.2601
 2	99	0.1917
 2	100	-0.0857
 2	101	0.7413
 3	 4	0.4272
 3	 5	-1.3756
 3	 6	-0.8237
 3	 7	-1.4639
 3	 8	-0.8184
 3	 9	1.4150
 3	10	-1.4685
 3	11	-0.7652
 3	12	0.2834
 3	13	1.6628
 3	14	0.4087
 3	15	-0.5213
 3	16	0.0297
 3	17	1.0039
 3	18	-0.5475
 3	19	0.0912
 3	20	0.7164
 3	21	-0.5499
 3	22	1.2293
 3	23	0.0214
 3	24	0.3156
 3	25	0.8989
 3	26	1.2753
 3	27	1.0137
 3	28	-1.9127
 3	29	-0.3470
 3	30	-0.7991
 3	31	0.4045
 3	32	-0.3553
 3	33	-1.4920
 3	34	-0.0634
 3	35	1.0921
 3	36	-1.4102
 3	37	0.4110
 3	38	2.1560
 3	39	1.1150
 3	40	0.1484
 3	41	-0.3110
 3	42	-0.1161
 3	43	0.5126
 3	44	0.9217
 3	45	0.6334
 3	46	-1.7512
 3	47	0.1685
 3	48	0.7882
 3	49	-1.7327
 3	50	0.3834
 3	51	0.3012
 3	52	-0.7081
 3	53	-1.8796
 3	54	-0.6657
 3	55	-0.5602
 3	56	0.2239
 3	57	-0.4783
 3	58	-0.4346
 3	59	0.7841
 3	60	0.9355
 3	61	-0.5150
 3	62	0.2917
 3	63	0.7622
 3	64	-0.5345
 3	65	0.2961
 3	66	-0.8605
 3	67	-0.9663
 3	68	0.0891
 3	69	-0.4856
 3	70	-1.0185
 3	71	1.2081
 3	72	0.3479
 3	73	0.7072
 3	74	-1.1966
 3	75	-0.7017
 3	76	1.0691
 3	77	-1.3289
 3	78	-0.6776
 3	79	-0.8435
 3	80	-0.0528
 3	81	0.4406
 3	82	-0.4128
 3	83	-1.2079
 3	84	-0.7428
 3	85	0.7557
 3	86	0.6299
 3	87	-1.6630
 3	88	0.0746
 3	89	-1.1689
 3	90	0.8680
 3	91	1.9566
 3	92	-0.0109
 3	93	1.9500
 3	94	0.4668
 3	95	0.3981
 3	96	0.4358
 3	97	-0.8443
 3	98	-0.7551
 3	99	0.2218
 3	100	-1.0162
 3	101	0.3046
 4	 5	0.7398
 4	 6	-0.5925
 4	 7	0.7684
 4	 8	0.4937
 4	 9	-0.0691
 4	10	-0.1005
 4	11	-0.9625
 4	12	0.0990
 4	13	0.3890
 4	14	-0.8272
 4	15	-0.2816
 4	16	-0.9830
 4	17	-0.0692
 4	18	-0.0508
 4	19	-0.8693
 4	20	1.7439
 4	21	0.4072
 4	22	0.0981
 4	23	-0.5194
 4	24	-0.9492
 4	25	0.8618
 4	26	0.9550
 4	27	-1.2325
 4	28	0.9062
 4	29	-0.3018
 4	30	-1.6798
 4	31	1.6413
 4	32	-1.1262
 4	33	0.8575
 4	34	0.9778
 4	35	0.0347
 4	36	-0.0232
 4	37	-1.7430
 4	38	-1.2259
 4	39	-0.3693
 4	40	-1.7302
 4	41	0.0932
 4	42	1.4105
 4	43	-1.5044
 4	44	-1.2359
 4	45	0.1739
 4	46	-0.0143
 4	47	-1.1566
 4	48	1.1376
 4	49	1.4020
 4	50	-0.0939
 4	51	-1.1689
 4	52	0.1284
 4	53	-0.7305
 4	54	1.9664
 4	55	1.1487
 4	56	-0.2867
 4	57	0.2257
 4	58	-0.3178
 4	59	-0.5607
 4	60	-2.8555
 4	61	0.1340
 4	62	-0.8164
 4	63	-1.3602
 4	64	0.2059
 4	65	-0.2627
 4	66	-0.1914
 4	67	-2.0189
 4	68	0.9378
 4	69	0.0195
 4	70	-0.1722
 4	71	0.8644
 4	72	-0.4249
 4	73	-0.1303
 4	74	1.1482
 4	75	-0.0627
 4	76	-0.7895
 4	77	-0.7335
 4	78	0.3352
 4	79	-0.1213
 4	80	1.8262
 4	81	-0.2756
 4	82	1.2397
 4	83	0.1617
 4	84	-0.7257
 4	85	0.1072
 4	86	0.1015
 4	87	-1.0816
 4	88	0.9089
 4	89	0.9999
 4	90	-0.4381
 4	91	-1.5484
 4	92	-0.1333
 4	93	-1.2690
 4	94	-1.5744
 4	95	1.2627
 4	96	-0.4609
 4	97	1.0050
 4	98	-0.2790
 4	99	0.2103
 4	100	-0.6831
 4	101	-0.1456
 5	 6	0.0583
 5	 7	-0.7546
 5	 8	-0.1031
 5	 9	-1.0344
 5	10	0.0475
 5	11	0.8689
 5	12	0.5523
 5	13	0.8470
 5	14	-0.1647
 5	15	-0.4002
 5	16	0.6530
 5	17	0.8855
 5	18	-0.4102
 5	19	1.6072
 5	20	0.1732
 5	21	2.5932
 5	22	-0.1947
 5	23	-1.2986
 5	24	1.4883
 5	25	-0.7434
 5	26	1.0373
 5	27	1.6007
 5	28	-1.8315
 5	29	0.4307
 5	30	-0.7027
 5	31	-0.0804
 5	32	1.9607
 5	33	0.8791
 5	34	-1.9006
 5	35	-0.1718
 5	36	1.0149
 5	37	0.2415
 5	38	1.6433
 5	39	-0.4306
 5	40	0.4785
 5	41	0.3657
 5	42	0.1816
 5	43	0.3804
 5	44	1.8889
 5	45	-0.2584
 5	46	-0.6266
 5	47	1.1008
 5	48	0.8318
 5	49	0.5274
 5	50	0.3513
 5	51	-1.6490
 5	52	-0.1969
 5	53	-0.3287
 5	54	0.6677
 5	55	0.4137
 5	56	-1.0819
 5	57	0.1178
 5	58	1.3917
 5	59	-1.4040
 5	60	0.4782
 5	61	0.3394
 5	62	0.5503
 5	63	-0.7799
 5	64	-0.6972
 5	65	0.5408
 5	66	0.5646
 5	67	2.6104
 5	68	-0.5154
 5	69	-0.5441
 5	70	-0.9910
 5	71	-0.4467
 5	72	-0.5028
 5	73	-0.4001
 5	74	-0.6685
 5	75	-0.9917
 5	76	-0.3667
 5	77	0.8760
 5	78	-0.2908
 5	79	-0.0766
 5	80	0.9161
 5	81	0.2310
 5	82	-1.3641
 5	83	0.0400
 5	84	-0.8516
 5	85	0.4714
 5	86	1.0299
 5	87	-0.2319
 5	88	-0.1539
 5	89	1.1552
 5	90	-1.9374
 5	91	1.7366
 5	92	0.3835
 5	93	0.9395
 5	94	1.0120
 5	95	1.2245
 5	96	0.2855
 5	97	1.0608
 5	98	0.1688
 5	99	0.2096
 5	100	0.0152
 5	101	-0.3385
 6	 7	-1.0608
 6	 8	1.0952
 6	 9	-1.1490
 6	10	1.7517
 6	11	1.2448
 6	12	-0.7598
 6	13	0.5128
 6	14	-0.4917
 6	15	0.5453
 6	16	-1.9890
 6	17	-1.6270
 6	18	1.4135
 6	19	0.7889
 6	20	1.6477
 6	21	-1.2642
 6	22	0.2890
 6	23	-0.5843
 6	24	-1.7843
 6	25	-0.3050
 6	26	-1.3431
 6	27	-0.1222
 6	28	0.1517
 6	29	0.7311
 6	30	-0.5359
 6	31	-1.4314
 6	32	-0.9410
 6	33	0.1901
 6	34	0.8354
 6	35	-0.8608
 6	36	0.2077
 6	37	0.1090
 6	38	-0.6100
 6	39	0.6670
 6	40	-0.2546
 6	41	0.1089
 6	42	-0.8263
 6	43	-0.1009
 6	44	1.6000
 6	45	0.8442
 6	46	1.3509
 6	47	-0.1539
 6	48	-0.5352
 6	49	0.6732
 6	50	-0.1888
 6	51	-0.7234
 6	52	-0.5308
 6	53	1.6751
 6	54	1.9557
 6	55	-0.1648
 6	56	-0.6925
 6	57	1.0572
 6	58	0.5129
 6	59	-0.9818
 6	60	0.2297
 6	61	1.1178
 6	62	-0.4475
 6	63	-1.6731
 6	64	1.0425
 6	65	-0.2736
 6	66	0.0994
 6	67	0.2177
 6	68	0.9725
 6	69	0.3824
 6	70	1.0582
 6	71	0.5459
 6	72	0.6739
 6	73	0.5683
 6	74	0.5071
 6	75	-1.1844
 6	76	-0.9365
 6	77	1.3068
 6	78	1.0466
 6	79	0.6238
 6	80	0.5285
 6	81	0.0038
 6	82	0.2695
 6	83	0.3560
 6	84	2.1818
 6	85	1.1024
 6	86	-0.4016
 6	87	0.6156
 6	88	-0.5637
 6	89	-0.5102
 6	90	0.5465
 6	91	-0.0643
 6	92	-1.2451
 6	93	0.7980
 6	94	0.0057
 6	95	0.9383
 6	96	1.6042
 6	97	-0.0740
 6	98	0.0800
 6	99	1.7034
 6	100	-0.1791
 6	101	0.2368
 7	 8	-0.3575
 7	 9	0.7297
 7	10	0.5021
 7	11	0.4050
 7	12	0.5862
 7	13	1.1565
 7	14	-0.1848
 7	15	0.1191
 7	16	0.6090
 7	17	0.2331
 7	18	-0.5681
 7	19	-0.0432
 7	20	-0.9839
 7	21	-2.0407
 7	22	-0.0403
 7	23	-0.7478
 7	24	-1.3625
 7	25	0.2642
 7	26	1.5920
 7	27	-1.2257
 7	28	0.7097
 7	29	-0.9908
 7	30	-0.8508
 7	31	-0.0769
 7	32	0.7002
 7	33	-1.3108
 7	34	0.3847
 7	35	0.8169
 7	36	-0.6046
 7	37	-0.7965
 7	38	0.2792
 7	39	-0.7405
 7	40	0.9233
 7	41	2.5870
 7	42	-1.8893
 7	43	-0.0105
 7	44	-0.4978
 7	45	-1.9550
 7	46	0.8622
 7	47	-0.8189
 7	48	0.3202
 7	49	-1.0831
 7	50	-0.8007
 7	51	-2.4768
 7	52	0.0129
 7	53	1.3757
 7	54	-1.7347
 7	55	-0.1190
 7	56	0.8886
 7	57	0.1004
 7	58	-0.3271
 7	59	1.1526
 7	60	-0.3602
 7	61	0.8146
 7	62	1.8938
 7	63	0.0770
 7	64	1.1030
 7	65	-1.1851
 7	66	1.1527
 7	67	-1.8532
 7	68	0.2181
 7	69	0.1285
 7	70	-1.0997
 7	71	-1.0611
 7	72	-1.8281
 7	73	1.2191
 7	74	0.0322
 7	75	0.9628
 7	76	-0.5661
 7	77	-0.0267
 7	78	-0.3511
 7	79	0.4576
 7	80	-0.7810
 7	81	-0.8661
 7	82	-0.2795
 7	83	2.5868
 7	84	0.0352
 7	85	0.6493
 7	86	-0.9330
 7	87	-0.4702
 7	88	-0.4931
 7	89	0.4441
 7	90	0.2728
 7	91	-0.9142
 7	92	2.0678
 7	93	0.7969
 7	94	-0.8921
 7	95	0.8305
 7	96	0.2547
 7	97	0.0293
 7	98	-1.2102
 7	99	-0.4412
 7	100	0.0322
 7	101	1.8016
 8	 9	-1.2578
 8	10	0.6817
 8	11	-1.0809
 8	12	-0.2989
 8	13	-0.4587
 8	14	0.1692
 8	15	1.1339
 8	16	0.5573
 8	17	-0.4847
 8	18	-0.6853
 8	19	-2.1289
 8	20	-1.2071
 8	21	-1.5894
 8	22	-0.5777
 8	23	-1.0855
 8	24	-0.3659
 8	25	-0.5221
 8	26	0.5568
 8	27	-0.5132
 8	28	0.6205
 8	29	-0.5606
 8	30	0.7005
 8	31	-0.9941
 8	32	0.5470
 8	33	1.2690
 8	34	-0.9661
 8	35	-0.4442
 8	36	-1.0936
 8	37	-1.1491
 8	38	-0.7787
 8	39	0.8346
 8	40	0.6275
 8	41	-0.9414
 8	42	-0.6278
 8	43	0.0697
 8	44	0.6016
 8	45	0.1204
 8	46	0.9599
 8	47	-0.4009
 8	48	0.3081
 8	49	-2.1346
 8	50	-0.2489
 8	51	-0.9342
 8	52	-0.1314
 8	53	0.1979
 8	54	-0.1200
 8	55	-1.0398
 8	56	0.3228
 8	57	1.6718
 8	58	0.5429
 8	59	-1.5112
 8	60	-0.5825
 8	61	-0.9589
 8	62	0.9862
 8	63	-2.1345
 8	64	-1.0953
 8	65	0.5505
 8	66	-0.2420
 8	67	0.5419
 8	68	-0.6153
 8	69	-1.4209
 8	70	-0.0144
 8	71	2.5647
 8	72	1.2077
 8	73	0.0632
 8	74	-0.5751
 8	75	-1.4315
 8	76	-1.1488
 8	77	-0.1608
 8	78	-0.5108
 8	79	-0.2799
 8	80	-2.3407
 8	81	-2.8840
 8	82	2.8710
 8	83	-0.7083
 8	84	0.9543
 8	85	0.0475
 8	86	0.5125
 8	87	0.8597
 8	88	1.1387
 8	89	0.1271
 8	90	0.4497
 8	91	-1.0877
 8	92	-1.1144
 8	93	1.0420
 8	94	-0.7556
 8	95	0.6276
 8	96	-0.5497
 8	97	0.1172
 8	98	-0.8536
 8	99	-1.2003
 8	100	-0.5193
 8	101	-1.3667
 9	10	0.8612
 9	11	-0.0037
 9	12	-0.3243
 9	13	1.3993
 9	14	0.0860
 9	15	1.9660
 9	16	0.1840
 9	17	-1.8251
 9	18	0.7892
 9	19	1.4213
 9	20	2.3963
 9	21	0.6743
 9	22	-0.4994
 9	23	0.9866
 9	24	-0.1322
 9	25	-0.0971
 9	26	1.2005
 9	27	-0.6818
 9	28	-1.8904
 9	29	0.1371
 9	30	1.2267
 9	31	-0.4049
 9	32	-2.2117
 9	33	-0.0005
 9	34	-1.8694
 9	35	0.1938
 9	36	0.2283
 9	37	-0.3954
 9	38	0.8294
 9	39	-1.6290
 9	40	0.0996
 9	41	-0.9783
 9	42	-1.6798
 9	43	1.1938
 9	44	0.4755
 9	45	1.1609
 9	46	-0.1223
 9	47	-0.5142
 9	48	0.4108
 9	49	0.9875
 9	50	-1.3540
 9	51	-0.1663
 9	52	0.1861
 9	53	-0.4762
 9	54	-0.4353
 9	55	-0.0821
 9	56	-0.0253
 9	57	0.3647
 9	58	-1.6340
 9	59	-0.4626
 9	60	0.1822
 9	61	-0.7804
 9	62	-0.3238
 9	63	0.7410
 9	64	1.1539
 9	65	-2.9169
 9	66	1.8293
 9	67	-0.3109
 9	68	1.3211
 9	69	-0.3942
 9	70	-1.1925
 9	71	-0.0471
 9	72	-0.8242
 9	73	-1.5667
 9	74	2.2861
 9	75	-0.0189
 9	76	-1.2693
 9	77	0.0323
 9	78	0.6422
 9	79	-0.8452
 9	80	0.4166
 9	81	1.6980
 9	82	-1.2519
 9	83	-1.0396
 9	84	-2.1360
 9	85	0.1008
 9	86	-0.0264
 9	87	-0.6022
 9	88	-0.0391
 9	89	0.0522
 9	90	0.0626
 9	91	-0.3147
 9	92	1.3446
 9	93	1.2977
 9	94	0.4844
 9	95	-0.5735
 9	96	-0.4051
 9	97	-1.9369
 9	98	0.4250
 9	99	-1.2918
 9	100	-0.5203
 9	101	-0.1408
10	11	-0.4675
10	12	0.8201
10	13	-0.4215
10	14	-1.1151
10	15	-0.3534
10	16	0.8405
10	17	0.2576
10	18	-0.1637
10	19	0.3527
10	20	1.6946
10	21	0.4444
10	22	1.3695
10	23	0.2985
10	24	-3.0473
10	25	0.6466
10	26	-0.9645
10	27	-0.9949
10	28	-0.7109
10	29	0.9238
10	30	-1.2942
10	31	1.8150
10	32	0.7422
10	33	0.6123
10	34	-0.9166
10	35	1.2962
10	36	-1.1822
10	37	0.3740
10	38	0.5680
10	39	0.0872
10	40	0.0995
10	41	-1.0167
10	42	0.1958
10	43	0.1301
10	44	1.7447
10	45	-1.5438
10	46	-1.1356
10	47	-0.2250
10	48	0.1688
10	49	0.5679
10	50	-0.8796
10	51	0.1546
10	52	-0.4023
10	53	-0.1491
10	54	-0.9644
10	55	1.1386
10	56	0.4177
10	57	-0.5007
10	58	0.3966
10	59	0.6210
10	60	-1.3402
10	61	0.1603
10	62	1.0897
10	63	-1.5043
10	64	2.9438
10	65	1.1825
10	66	0.5278
10	67	0.2751
10	68	-0.2410
10	69	0.5018
10	70	0.5492
10	71	-0.1852
10	72	-1.7633
10	73	0.9011
10	74	-1.3778
10	75	1.7461
10	76	-0.1421
10	77	-0.9246
10	78	-0.1523
10	79	-0.9350
10	80	1.1830
10	81	0.5434
10	82	-2.8629
10	83	-1.3482
10	84	0.5246
10	85	1.8255
10	86	-1.3203
10	87	-0.5336
10	88	1.0712
10	89	1.1270
10	90	1.2264
10	91	0.8968
10	92	-0.3422
10	93	-0.7253
10	94	0.0725
10	95	-2.0519
10	96	0.1336
10	97	0.7751
10	98	0.0796
10	99	-0.6446
10	100	-0.2230
10	101	0.5481
11	12	-1.9607
11	13	2.4966
11	14	0.2329
11	15	-1.6729
11	16	2.7180
11	17	0.4908
11	18	0.2619
11	19	-1.1077
11	20	0.0805
11	21	-0.8493
11	22	-0.2586
11	23	-0.8637
11	24	-0.3036
11	25	-0.4557
11	26	0.0900
11	27	0.1397
11	28	0.9992
11	29	-1.1054
11	30	1.4942
11	31	-0.0504
11	32	0.6033
11	33	0.6831
11	34	-0.3588
11	35	0.1165
11	36	-1.1687
11	37	1.4615
11	38	-1.0696
11	39	-0.1103
11	40	0.2371
11	41	-0.3298
11	42	-0.9360
11	43	0.3138
11	44	-0.9437
11	45	1.1843
11	46	-0.2145
11	47	-1.1776
11	48	0.9822
11	49	0.2530
11	50	-0.0900
11	51	-0.4681
11	52	0.4328
11	53	-1.2248
11	54	-0.0690
11	55	-0.1193
11	56	0.5460
11	57	-1.1038
11	58	2.2478
11	59	1.3363
11	60	-2.2481
11	61	0.5183
11	62	0.3839
11	63	1.0602
11	64	0.7856
11	65	0.5163
11	66	-0.5775
11	67	1.2531
11	68	-1.9605
11	69	-0.9874
11	70	0.7804
11	71	-0.0215
11	72	-0.6037
11	73	0.1521
11	74	0.5013
11	75	-0.2634
11	76	-0.1361
11	77	-2.1748
11	78	-1.2786
11	79	1.1096
11	80	-0.8897
11	81	-0.4578
11	82	1.4414
11	83	0.0978
11	84	1.5313
11	85	0.6729
11	86	0.6371
11	87	-0.2019
11	88	0.3582
11	89	3.0311
11	90	-0.9289
11	91	-1.1980
11	92	-0.1042
11	93	0.9899
11	94	1.4596
11	95	1.4617
11	96	0.3600
11	97	2.9282
11	98	-0.7226
11	99	-0.5430
11	100	1.9915
11	101	0.4062
12	13	0.1231
12	14	-0.9062
12	15	1.2303
12	16	-0.7524
12	17	0.4832
12	18	0.9721
12	19	0.2203
12	20	0.0998
12	21	-1.8743
12	22	-0.8705
12	23	0.2895
12	24	0.1766
12	25	0.6860
12	26	0.4331
12	27	0.3116
12	28	0.1833
12	29	-0.7800
12	30	-0.7399
12	31	0.8887
12	32	0.7746
12	33	0.7672
12	34	-0.4384
12	35	-0.2617
12	36	1.0193
12	37	-0.0811
12	38	1.3477
12	39	1.2494
12	40	-0.4094
12	41	1.1157
12	42	-1.4045
12	43	0.5226
12	44	1.0154
12	45	-0.1914
12	46	0.7942
12	47	1.1022
12	48	-0.2498
12	49	-0.4496
12	50	-0.5775
12	51	0.7307
12	52	2.1376
12	53	-1.0671
12	54	1.3544
12	55	2.1669
12	56	0.3924
12	57	-0.9419
12	58	-1.1197
12	59	2.4974
12	60	1.4089
12	61	-0.5046
12	62	-0.4850
12	63	-0.3885
12	64	-0.9524
12	65	0.2172
12	66	0.6562
12	67	0.3119
12	68	-0.0256
12	69	-1.3269
12	70	-0.0901
12	71	0.6037
12	72	-0.4363
12	73	-1.0238
12	74	0.1230
12	75	0.2882
12	76	0.3585
12	77	0.4644
12	78	1.4637
12	79	0.2532
12	80	0.1911
12	81	1.1813
12	82	0.6538
12	83	-0.3901
12	84	0.2374
12	85	-0.5316
12	86	-1.5868
12	87	-1.1470
12	88	0.1501
12	89	1.3116
12	90	1.4297
12	91	0.2143
12	92	-1.2023
12	93	-0.2797
12	94	0.3474
12	95	0.2381
12	96	0.5386
12	97	-0.5229
12	98	-0.7099
12	99	0.0314
12	100	-0.8708
12	101	0.1445
13	14	-1.0915
13	15	0.5117
13	16	1.4153
13	17	1.8077
13	18	-0.3806
13	19	0.5740
13	20	0.9178
13	21	0.1077
13	22	-0.0320
13	23	-0.4943
13	24	0.5360
13	25	-3.2129
13	26	-0.1856
13	27	1.5778
13	28	1.6937
13	29	-2.3910
13	30	0.8946
13	31	-0.9716
13	32	1.1129
13	33	1.1180
13	34	0.4485
13	35	-0.5233
13	36	-0.1576
13	37	0.2501
13	38	-0.5838
13	39	0.7480
13	40	-0.1431
13	41	-0.6130
13	42	-1.0960
13	43	0.8818
13	44	-0.2068
13	45	-0.6177
13	46	0.7151
13	47	1.5138
13	48	0.0560
13	49	-0.6255
13	50	-0.0717
13	51	-0.0243
13	52	-0.7499
13	53	0.0886
13	54	-0.6317
13	55	-0.0995
13	56	-0.7824
13	57	-0.6587
13	58	0.4447
13	59	0.5422
13	60	-0.2758
13	61	0.5345
13	62	-0.5322
13	63	0.9320
13	64	-1.7348
13	65	2.1865
13	66	0.7012
13	67	0.9962
13	68	-0.0402
13	69	-0.2217
13	70	2.0959
13	71	-0.4400
13	72	0.9510
13	73	0.0318
13	74	0.9763
13	75	-0.2048
13	76	-0.5690
13	77	0.2373
13	78	0.7986
13	79	0.5156
13	80	-1.2618
13	81	-0.2794
13	82	-1.6817
13	83	0.0895
13	84	-0.5514
13	85	0.0302
13	86	-0.2982
13	87	0.6226
13	88	-0.8219
13	89	-1.8977
13	90	-0.5542
13	91	-0.5739
13	92	0.4891
13	93	-0.0212
13	94	2.1590
13	95	0.7497
13	96	0.4390
13	97	0.7738
13	98	-0.2678
13	99	0.7734
13	100	0.1664
13	101	-0.4254
14	15	-1.6173
14	16	1.5142
14	17	0.0664
14	18	-0.3510
14	19	-1.5917
14	20	-0.0988
14	21	-0.2365
14	22	0.5569
14	23	-0.0567
14	24	1.7565
14	25	-0.1367
14	26	-1.0228
14	27	1.9809
14	28	-0.4691
14	29	0.1016
14	30	-0.2329
14	31	-1.2451
14	32	-0.5631
14	33	-0.5499
14	34	-0.5985
14	35	0.5614
14	36	-0.0588
14	37	-0.7350
14	38	-1.6888
14	39	0.1387
14	40	-2.3992
14	41	-0.3984
14	42	-1.6670
14	43	-0.3729
14	44	-0.8957
14	45	-0.0879
14	46	-0.4877
14	47	-0.2876
14	48	-1.4706
14	49	-0.3261
14	50	0.3643
14	51	0.7796
14	52	-0.3609
14	53	-0.6459
14	54	-1.5572
14	55	-1.5168
14	56	0.0794
14	57	1.2827
14	58	0.7074
14	59	0.4240
14	60	-0.8197
14	61	-0.6082
14	62	0.2549
14	63	-1.8715
14	64	-1.2738
14	65	2.1305
14	66	-0.6573
14	67	0.9006
14	68	0.1169
14	69	-0.3951
14	70	0.6551
14	71	-0.3326
14	72	0.3703
14	73	1.8717
14	74	0.7939
14	75	-0.9594
14	76	0.7097
14	77	0.3395
14	78	-1.3069
14	79	-0.6083
14	80	0.7179
14	81	-0.7081
14	82	0.3330
14	83	-0.4958
14	84	2.5579
14	85	-0.1457
14	86	-0.5066
14	87	-1.6489
14	88	-0.6543
14	89	-0.3792
14	90	1.2687
14	91	-0.1449
14	92	0.6221
14	93	0.3535
14	94	0.4385
14	95	0.8019
14	96	0.7183
14	97	-1.3423
14	98	0.4779
14	99	-0.0321
14	100	-0.1922
14	101	0.9255
15	16	-1.0060
15	17	-0.7873
15	18	-1.8354
15	19	-0.4672
15	20	0.4456
15	21	0.6686
15	22	1.0937
15	23	0.3270
15	24	1.5065
15	25	-0.0163
15	26	2.3220
15	27	0.9091
15	28	0.2311
15	29	-1.1419
15	30	1.4008
15	31	0.0194
15	32	-1.0142
15	33	0.2297
15	34	-0.2002
15	35	-0.4512
15	36	1.6204
15	37	0.6443
15	38	1.4213
15	39	-0.6213
15	40	0.9976
15	41	-0.3269
15	42	1.4422
15	43	0.2880
15	44	-0.2090
15	45	0.6136
15	46	0.7082
15	47	0.5253
15	48	-0.1159
15	49	0.6353
15	50	-0.8953
15	51	0.9227
15	52	1.8718
15	53	-0.2696
15	54	2.0881
15	55	0.5771
15	56	-1.0570
15	57	-1.2323
15	58	0.7129
15	59	-1.4179
15	60	-1.3848
15	61	-0.0659
15	62	0.7370
15	63	-2.0160
15	64	-1.3146
15	65	1.8360
15	66	-0.3501
15	67	-0.8208
15	68	-0.9269
15	69	0.0130
15	70	-1.7646
15	71	-1.5852
15	72	-0.6352
15	73	0.2294
15	74	2.1381
15	75	-1.7232
15	76	1.1826
15	77	-0.3972
15	78	0.0310
15	79	-0.2555
15	80	-0.4713
15	81	0.3761
15	82	0.9926
15	83	-1.5738
15	84	-1.0079
15	85	1.5692
15	86	-1.2835
15	87	-0.3012
15	88	-1.0308
15	89	0.6839
15	90	0.3911
15	91	-0.1930
15	92	0.3358
15	93	-1.2481
15	94	-0.9354
15	95	1.7739
15	96	0.3558
15	97	0.7587
15	98	0.0678
15	99	-1.9833
15	100	-0.1329
15	101	-1.6672
16	17	0.8577
16	18	-0.1974
16	19	-0.1623
16	20	-0.5424
16	21	-2.3019
16	22	0.4531
16	23	0.5049
16	24	1.3061
16	25	-1.9029
16	26	-2.2388
16	27	-1.3869
16	28	-0.5228
16	29	0.1121
16	30	0.8907
16	31	0.5808
16	32	-0.8518
16	33	1.3035
16	34	-0.8662
16	35	0.7287
16	36	0.0063
16	37	-0.9405
16	38	-0.9791
16	39	-0.7342
16	40	0.7866
16	41	-1.5681
16	42	-0.1996
16	43	-1.1073
16	44	0.7677
16	45	1.1135
16	46	-0.9572
16	47	1.7070
16	48	1.5341
16	49	0.3370
16	50	-0.1161
16	51	-0.2113
16	52	0.0071
16	53	-1.0937
16	54	0.7734
16	55	1.7059
16	56	-0.0608
16	57	-0.8757
16	58	-0.1509
16	59	-0.8489
16	60	-0.9714
16	61	0.0074
16	62	-0.8968
16	63	-0.5615
16	64	-0.4459
16	65	-0.5159
16	66	-0.9173
16	67	0.1201
16	68	-1.2966
16	69	0.0099
16	70	-0.8254
16	71	-0.2702
16	72	-0.1612
16	73	0.3272
16	74	1.0097
16	75	0.4664
16	76	-0.0958
16	77	-1.3975
16	78	0.5352
16	79	-0.7342
16	80	0.2825
16	81	-1.3041
16	82	-0.5562
16	83	1.2067
16	84	0.4243
16	85	-0.6484
16	86	-0.1513
16	87	-0.2029
16	88	-1.7210
16	89	-0.5365
16	90	0.7109
16	91	0.5550
16	92	0.8198
16	93	-0.8111
16	94	0.2458
16	95	-1.1919
16	96	-0.0706
16	97	0.3441
16	98	-1.3621
16	99	-0.1702
16	100	-1.5189
16	101	0.5280
17	18	0.1573
17	19	0.7255
17	20	0.3302
17	21	0.9000
17	22	0.4739
17	23	-0.4197
17	24	-0.9973
17	25	1.3559
17	26	-1.1076
17	27	-0.5121
17	28	2.6984
17	29	1.8123
17	30	-1.3081
17	31	0.3434
17	32	0.4396
17	33	2.7076
17	34	0.7992
17	35	0.2212
17	36	0.1212
17	37	0.5004
17	38	-0.0310
17	39	1.4495
17	40	-0.9149
17	41	-1.2900
17	42	0.5894
17	43	-0.2722
17	44	0.3531
17	45	-0.9358
17	46	-1.6159
17	47	-0.1909
17	48	0.3730
17	49	-0.3143
17	50	-0.1763
17	51	0.3975
17	52	-0.6870
17	53	0.9649
17	54	0.1484
17	55	-1.5837
17	56	-0.5507
17	57	0.1174
17	58	0.2691
17	59	-0.0793
17	60	-2.1182
17	61	-0.0140
17	62	0.2430
17	63	-0.2405
17	64	-0.4305
17	65	1.2436
17	66	0.6793
17	67	-0.2825
17	68	-0.7806
17	69	-0.4805
17	70	-0.4251
17	71	-0.5597
17	72	-0.9472
17	73	1.6313
17	74	-2.7350
17	75	1.5353
17	76	0.1931
17	77	-0.1985
17	78	1.8591
17	79	1.1804
17	80	-0.8305
17	81	-2.1722
17	82	1.1225
17	83	1.1860
17	84	-2.2661
17	85	-1.2245
17	86	0.9027
17	87	-0.5582
17	88	1.2512
17	89	0.4350
17	90	-1.2775
17	91	0.8416
17	92	-0.7411
17	93	1.7666
17	94	-0.1189
17	95	-0.7171
17	96	-0.5501
17	97	0.5163
17	98	-0.9143
17	99	-1.0265
17	100	1.2039
17	101	-1.6216
18	19	0.2953
18	20	0.3063
18	21	-1.2691
18	22	-0.6145
18	23	0.4133
18	24	-0.5280
18	25	0.8493
18	26	1.2295
18	27	-0.2556
18	28	0.2277
18	29	-0.2280
18	30	-1.1112
18	31	-0.3821
18	32	-1.2900
18	33	2.1122
18	34	0.4164
18	35	0.2517
18	36	0.9922
18	37	0.0328
18	38	-2.1179
18	39	-0.2339
18	40	-2.6470
18	41	1.5816
18	42	-0.9107
18	43	0.0425
18	44	-1.2899
18	45	-0.1810
18	46	1.4980
18	47	2.0820
18	48	-1.0097
18	49	0.3597
18	50	-0.0436
18	51	-0.4744
18	52	0.2615
18	53	-0.5798
18	54	-0.4370
18	55	1.5102
18	56	0.2207
18	57	1.0224
18	58	0.4823
18	59	0.4588
18	60	1.4994
18	61	0.7204
18	62	1.3843
18	63	-0.4354
18	64	-1.1698
18	65	-0.7174
18	66	1.0939
18	67	-0.3655
18	68	-0.7592
18	69	-0.0694
18	70	0.5520
18	71	0.6909
18	72	-1.1190
18	73	1.3990
18	74	-1.1478
18	75	-0.9908
18	76	0.0528
18	77	0.5958
18	78	-0.5704
18	79	-0.2128
18	80	-0.4978
18	81	-0.4496
18	82	0.3885
18	83	0.8920
18	84	-0.2766
18	85	-1.6010
18	86	0.5647
18	87	1.4114
18	88	-0.7615
18	89	0.1037
18	90	1.4123
18	91	1.7793
18	92	-0.5744
18	93	0.3070
18	94	-0.0345
18	95	0.1923
18	96	-1.4590
18	97	-0.3018
18	98	-0.5159
18	99	0.6510
18	100	-1.3829
18	101	-0.1156
19	20	-1.7438
19	21	-0.1288
19	22	0.1662
19	23	0.7410
19	24	0.3247
19	25	0.0916
19	26	1.1606
19	27	-0.0782
19	28	1.6388
19	29	0.4281
19	30	0.2189
19	31	0.5045
19	32	-0.8052
19	33	0.6577
19	34	-0.6177
19	35	0.2678
19	36	-0.1405
19	37	1.1359
19	38	0.0857
19	39	-1.6217
19	40	0.2062
19	41	1.1211
19	42	-0.1989
19	43	0.4506
19	44	0.5424
19	45	0.3907
19	46	-0.3987
19	47	-0.1059
19	48	0.9927
19	49	-0.7774
19	50	-0.3594
19	51	-0.9060
19	52	-0.8252
19	53	1.0415
19	54	1.1941
19	55	-3.1121
19	56	0.2406
19	57	0.2759
19	58	-2.5925
19	59	1.0896
19	60	-0.7490
19	61	0.6428
19	62	-0.5979
19	63	-0.0447
19	64	0.9374
19	65	0.0416
19	66	0.5679
19	67	-0.3062
19	68	-0.7489
19	69	2.5788
19	70	-0.8073
19	71	-0.2705
19	72	0.6598
19	73	-0.3861
19	74	0.2090
19	75	1.6522
19	76	1.1327
19	77	0.6475
19	78	-0.9662
19	79	-0.0308
19	80	-0.1195
19	81	-1.6797
19	82	-0.3103
19	83	-0.7962
19	84	0.4870
19	85	0.2259
19	86	1.3800
19	87	0.4176
19	88	-2.0485
19	89	0.6164
19	90	-1.3285
19	91	0.4345
19	92	-0.8700
19	93	-0.0527
19	94	-0.7172
19	95	-0.1427
19	96	1.4976
19	97	-0.8727
19	98	0.3716
19	99	1.3679
19	100	0.2075
19	101	0.5396
20	21	-0.0242
20	22	1.4551
20	23	1.4063
20	24	0.8222
20	25	-0.3209
20	26	-0.2466
20	27	0.0282
20	28	-1.0327
20	29	0.7254
20	30	0.0765
20	31	-0.0368
20	32	0.9972
20	33	-0.1135
20	34	1.0660
20	35	1.0766
20	36	1.8025
20	37	0.1071
20	38	-0.8618
20	39	-0.6430
20	40	1.1100
20	41	0.8193
20	42	-0.5758
20	43	-0.8022
20	44	-0.7546
20	45	0.1905
20	46	-0.1607
20	47	-1.3749
20	48	-1.8132
20	49	-0.7489
20	50	-0.2605
20	51	1.1295
20	52	1.5893
20	53	-2.6622
20	54	-1.1278
20	55	-1.2356
20	56	-0.4504
20	57	-0.6472
20	58	0.5806
20	59	-1.8451
20	60	-1.0796
20	61	0.2322
20	62	0.5922
20	63	-1.7645
20	64	-0.5515
20	65	-0.4071
20	66	0.4206
20	67	-0.9334
20	68	1.0629
20	69	0.6745
20	70	0.0142
20	71	-1.3362
20	72	1.3976
20	73	1.6437
20	74	0.9050
20	75	1.2608
20	76	0.1631
20	77	-0.6610
20	78	-0.5031
20	79	-1.2587
20	80	1.0549
20	81	0.3046
20	82	0.5385
20	83	1.1414
20	84	0.7930
20	85	1.2695
20	86	1.0873
20	87	-1.1706
20	88	0.6373
20	89	-2.5861
20	90	0.9258
20	91	1.1936
20	92	0.5573
20	93	0.0519
20	94	-0.8208
20	95	-1.2043
20	96	1.8740
20	97	-0.2763
20	98	-1.2558
20	99	-0.9558
20	100	-0.7989
20	101	-0.4892
21	22	0.2494
21	23	0.9521
21	24	-1.3630
21	25	0.1990
21	26	0.6167
21	27	-1.3282
21	28	-0.2577
21	29	0.1747
21	30	0.3430
21	31	-0.5905
21	32	0.5489
21	33	-0.3684
21	34	-0.6998
21	35	-0.1181
21	36	1.4320
21	37	-0.7824
21	38	1.5903
21	39	1.6721
21	40	-1.5745
21	41	-0.1636
21	42	-0.2379
21	43	-0.3991
21	44	-0.1439
21	45	0.0937
21	46	0.0282
21	47	1.9817
21	48	-0.9270
21	49	-0.9916
21	50	-0.1625
21	51	-2.0528
21	52	0.0969
21	53	-0.3299
21	54	-0.1742
21	55	-1.0967
21	56	1.0455
21	57	1.0891
21	58	0.0035
21	59	1.1383
21	60	0.0615
21	61	1.1762
21	62	0.1529
21	63	1.8486
21	64	-0.8809
21	65	-1.4366
21	66	0.7616
21	67	0.5382
21	68	1.6052
21	69	-1.4477
21	70	-0.2934
21	71	-0.1338
21	72	1.3759
21	73	-0.4353
21	74	-0.3471
21	75	-2.8119
21	76	-0.1071
21	77	0.3513
21	78	0.0732
21	79	-1.1723
21	80	1.7992
21	81	2.5667
21	82	-0.2032
21	83	-1.4640
21	84	-0.2132
21	85	0.0307
21	86	0.6829
21	87	-1.2904
21	88	0.1280
21	89	-0.6756
21	90	-1.6166
21	91	-0.6563
21	92	0.2695
21	93	0.2614
21	94	-0.1964
21	95	-1.1143
21	96	2.3306
21	97	1.0541
21	98	0.9098
21	99	-0.3271
21	100	-0.5189
21	101	1.4880
22	23	0.3070
22	24	-3.5004
22	25	1.4030
22	26	0.0782
22	27	-0.1282
22	28	0.7499
22	29	0.3451
22	30	-0.6265
22	31	0.8385
22	32	-2.2394
22	33	1.0418
22	34	1.5462
22	35	1.6572
22	36	-0.3847
22	37	-2.9097
22	38	0.2321
22	39	-1.4815
22	40	-0.3556
22	41	1.2272
22	42	0.5631
22	43	-0.9976
22	44	-0.6952
22	45	-3.1995
22	46	-0.6448
22	47	-0.7165
22	48	1.9393
22	49	1.1495
22	50	1.2469
22	51	0.2659
22	52	-1.3933
22	53	0.8758
22	54	1.0745
22	55	-1.6641
22	56	-0.7827
22	57	0.0640
22	58	-0.7614
22	59	1.7137
22	60	-1.8195
22	61	-0.2805
22	62	-0.8288
22	63	-0.1106
22	64	-2.6062
22	65	0.6020
22	66	-0.5791
22	67	1.6070
22	68	0.5737
22	69	-1.5325
22	70	-0.3823
22	71	-0.2571
22	72	-0.0205
22	73	0.3675
22	74	-0.9769
22	75	0.1509
22	76	0.7029
22	77	0.4930
22	78	0.6155
22	79	0.8212
22	80	-0.8919
22	81	-1.4157
22	82	-1.2291
22	83	-1.2725
22	84	-0.9559
22	85	-1.4938
22	86	0.0333
22	87	-0.5678
22	88	0.6630
22	89	-0.7703
22	90	-0.5442
22	91	-0.7014
22	92	0.9685
22	93	1.1376
22	94	-1.9686
22	95	1.0153
22	96	0.4527
22	97	-2.1618
22	98	-0.5160
22	99	1.9560
22	100	-0.4256
22	101	0.0825
23	24	-1.0760
23	25	0.9856
23	26	-0.4723
23	27	0.7473
23	28	0.7830
23	29	0.7969
23	30	1.6637
23	31	0.1468
23	32	-0.1906
23	33	0.8264
23	34	1.8967
23	35	0.3004
23	36	1.3090
23	37	-0.2091
23	38	-0.2747
23	39	0.2355
23	40	1.0967
23	41	2.6631
23	42	0.2040
23	43	0.0097
23	44	0.6880
23	45	0.9818
23	46	-1.5827
23	47	0.0587
23	48	-1.3333
23	49	0.1465
23	50	0.6807
23	51	1.5807
23	52	0.2166
23	53	-0.1206
23	54	-1.1144
23	55	-0.1456
23	56	-0.4357
23	57	-0.5441
23	58	0.8575
23	59	-0.1422
23	60	0.5618
23	61	1.0516
23	62	1.5803
23	63	-1.2203
23	64	1.1997
23	65	0.4002
23	66	0.6264
23	67	0.1808
23	68	-2.0866
23	69	-1.9385
23	70	-1.1568
23	71	-0.0603
23	72	0.2440
23	73	0.1639
23	74	-0.6326
23	75	-0.7201
23	76	0.2331
23	77	-0.5675
23	78	1.1517
23	79	0.8713
23	80	-1.6164
23	81	-0.4628
23	82	-0.1413
23	83	0.7207
23	84	0.2468
23	85	-0.6342
23	86	1.6777
23	87	0.8543
23	88	1.4132
23	89	-0.1830
23	90	1.9158
23	91	0.2244
23	92	0.2893
23	93	-0.4409
23	94	-0.3077
23	95	0.3970
23	96	-2.7400
23	97	0.5794
23	98	-0.4246
23	99	0.2261
23	100	1.1486
23	101	0.1858
24	25	0.4435
24	26	-0.1404
24	27	-1.1664
24	28	0.6060
24	29	-0.0845
24	30	1.0305
24	31	2.6227
24	32	2.5522
24	33	-1.1583
24	34	-2.5268
24	35	0.1223
24	36	0.6223
24	37	-0.2632
24	38	0.6283
24	39	0.0426
24	40	-1.2883
24	41	0.0244
24	42	-0.6709
24	43	-1.7037
24	44	2.1879
24	45	0.7184
24	46	-0.7279
24	47	0.7486
24	48	-1.1120
24	49	-1.7037
24	50	0.2978
24	51	-0.4974
24	52	1.0707
24	53	-0.6626
24	54	0.6963
24	55	0.5512
24	56	-0.1524
24	57	0.3267
24	58	-0.1530
24	59	-1.0804
24	60	-0.9776
24	61	-0.5640
24	62	-0.7111
24	63	-1.0120
24	64	-1.6875
24	65	0.8009
24	66	0.5890
24	67	-0.4650
24	68	-0.6264
24	69	-0.0848
24	70	-0.5790
24	71	0.2997
24	72	0.3973
24	73	-0.1222
24	74	0.4811
24	75	-0.4404
24	76	1.4594
24	77	0.1134
24	78	0.0720
24	79	1.0184
24	80	-0.1574
24	81	-0.1437
24	82	0.0959
24	83	-1.5483
24	84	-0.1597
24	85	0.5697
24	86	-0.0418
24	87	1.6211
24	88	0.1579
24	89	0.9337
24	90	-0.3524
24	91	-0.5283
24	92	-0.3193
24	93	-1.0051
24	94	-2.0448
24	95	-0.7221
24	96	1.2434
24	97	1.5330
24	98	-1.7437
24	99	-0.8985
24	100	-0.5506
24	101	0.6153
25	26	-0.3569
25	27	-0.3159
25	28	-1.1647
25	29	2.0775
25	30	-1.4307
25	31	-0.1100
25	32	-2.8590
25	33	-0.2056
25	34	-1.8881
25	35	-1.8113
25	36	-0.0597
25	37	-0.6910
25	38	-1.0051
25	39	-2.1601
25	40	-1.5010
25	41	1.3678
25	42	-0.5024
25	43	0.3659
25	44	1.6026
25	45	-0.2705
25	46	0.8849
25	47	0.2000
25	48	-0.1955
25	49	1.2352
25	50	-1.3360
25	51	-1.3535
25	52	-0.5396
25	53	-0.4188
25	54	0.6088
25	55	-0.7078
25	56	-0.2049
25	57	1.0859
25	58	1.1319
25	59	-1.0041
25	60	1.0319
25	61	-0.5504
25	62	0.1652
25	63	1.1082
25	64	-0.2392
25	65	0.3693
25	66	-1.2214
25	67	1.2111
25	68	2.1948
25	69	-0.1025
25	70	-0.6773
25	71	-1.4512
25	72	0.0748
25	73	1.1080
25	74	-1.8879
25	75	-0.3087
25	76	0.8397
25	77	1.2408
25	78	0.7334
25	79	-0.6334
25	80	0.5023
25	81	-1.3489
25	82	1.1176
25	83	-0.5286
25	84	0.4856
25	85	0.9698
25	86	0.6314
25	87	-1.3299
25	88	0.5373
25	89	-0.7837
25	90	-0.9663
25	91	-1.0635
25	92	-0.8419
25	93	-0.2851
25	94	-0.0347
25	95	0.2051
25	96	-0.9050
25	97	-0.6288
25	98	0.2490
25	99	0.8014
25	100	-0.6313
25	101	-1.7066
26	27	1.2861
26	28	-0.8995
26	29	-0.6559
26	30	0.1634
26	31	0.1702
26	32	0.9567
26	33	-0.5307
26	34	0.4369
26	35	1.3939
26	36	1.2306
26	37	1.1922
26	38	0.3163
26	39	-0.2273
26	40	-1.1131
26	41	1.0011
26	42	2.3472
26	43	-0.3180
26	44	0.0048
26	45	0.3484
26	46	1.1057
26	47	0.2175
26	48	1.4074
26	49	-0.5227
26	50	-0.0673
26	51	0.1594
26	52	-0.6150
26	53	0.3698
26	54	-0.0740
26	55	2.0875
26	56	-1.1255
26	57	1.3147
26	58	-0.2367
26	59	-0.0257
26	60	-1.0637
26	61	0.5004
26	62	0.8140
26	63	-0.2449
26	64	-0.4349
26	65	0.9331
26	66	1.9145
26	67	-1.2158
26	68	1.2759
26	69	-2.5847
26	70	0.8692
26	71	-1.2602
26	72	1.6027
26	73	1.8749
26	74	0.5203
26	75	1.2844
26	76	0.0298
26	77	-0.0686
26	78	-1.0764
26	79	-0.2632
26	80	1.0566
26	81	0.1717
26	82	-1.2651
26	83	-0.5283
26	84	-1.5178
26	85	0.7812
26	86	-1.8506
26	87	-0.1248
26	88	-0.2570
26	89	0.6582
26	90	0.7552
26	91	0.6932
26	92	0.3322
26	93	1.4463
26	94	-0.1121
26	95	-0.6812
26	96	1.2023
26	97	-1.0441
26	98	-0.0267
26	99	1.5050
26	100	1.0081
26	101	1.0444
27	28	-0.2125
27	29	-0.5559
27	30	-0.0951
27	31	-0.6145
27	32	0.9204
27	33	-0.4377
27	34	-1.2193
27	35	1.2960
27	36	-1.2382
27	37	-0.0443
27	38	0.1087
27	39	-0.7390
27	40	0.5368
27	41	-1.4859
27	42	-1.9370
27	43	-1.3379
27	44	0.4937
27	45	-0.2363
27	46	-0.5323
27	47	0.5434
27	48	-0.7256
27	49	-3.3426
27	50	0.0321
27	51	-1.3488
27	52	1.0912
27	53	-0.1481
27	54	0.4844
27	55	1.0574
27	56	-0.0487
27	57	1.2586
27	58	0.8667
27	59	-0.0196
27	60	-0.3358
27	61	-0.9722
27	62	-0.7901
27	63	0.7654
27	64	-1.2707
27	65	1.1979
27	66	0.8324
27	67	-0.1433
27	68	1.4834
27	69	-0.6977
27	70	-0.3674
27	71	-1.2532
27	72	0.3662
27	73	-1.2148
27	74	0.1423
27	75	0.2303
27	76	0.6174
27	77	2.1406
27	78	-0.2341
27	79	-1.4429
27	80	-0.3512
27	81	-0.8582
27	82	1.9250
27	83	0.8462
27	84	0.5769
27	85	-0.5072
27	86	0.3921
27	87	0.7201
27	88	0.9683
27	89	0.3634
27	90	0.3076
27	91	-1.0809
27	92	0.3928
27	93	0.1834
27	94	-0.8071
27	95	-0.3097
27	96	-1.7861
27	97	-1.4387
27	98	1.1299
27	99	-1.3321
27	100	1.5293
27	101	-0.3361
28	29	0.0948
28	30	0.3620
28	31	0.7014
28	32	-0.9093
28	33	0.3135
28	34	1.0549
28	35	1.2656
28	36	0.7019
28	37	0.0599
28	38	1.5440
28	39	-1.8599
28	40	-0.1212
28	41	-0.5894
28	42	1.3862
28	43	1.3850
28	44	0.7367
28	45	-0.2365
28	46	0.7313
28	47	-0.8805
28	48	0.6548
28	49	0.8912
28	50	0.1047
28	51	-1.2390
28	52	0.5448
28	53	-0.5905
28	54	-0.4128
28	55	0.8101
28	56	2.2883
28	57	0.9598
28	58	1.3209
28	59	0.1931
28	60	-0.2265
28	61	-1.4662
28	62	0.6733
28	63	-0.2866
28	64	0.9048
28	65	0.4290
28	66	0.1737
28	67	-0.7232
28	68	0.2230
28	69	-0.6392
28	70	-0.3714
28	71	0.8216
28	72	1.2413
28	73	-1.1562
28	74	1.5422
28	75	-0.2931
28	76	0.5371
28	77	-2.1051
28	78	-0.1577
28	79	0.5918
28	80	-0.2106
28	81	-0.6808
28	82	-0.1750
28	83	0.6654
28	84	0.8401
28	85	0.0498
28	86	-0.7804
28	87	0.2743
28	88	0.6182
28	89	0.2906
28	90	-1.2708
28	91	0.2129
28	92	-0.2502
28	93	-0.4109
28	94	-0.3923
28	95	-0.1617
28	96	0.5489
28	97	-1.0104
28	98	1.3807
28	99	-0.6661
28	100	-1.0807
28	101	2.1332
29	30	0.1878
29	31	0.5602
29	32	0.0526
29	33	1.3508
29	34	-1.5927
29	35	0.2885
29	36	-0.1083
29	37	-1.2986
29	38	-0.2684
29	39	1.4311
29	40	-2.0361
29	41	-0.1506
29	42	0.4903
29	43	-1.2244
29	44	0.7965
29	45	1.0816
29	46	1.8862
29	47	1.0103
29	48	-0.9033
29	49	-0.1549
29	50	-0.7144
29	51	0.6025
29	52	-0.7040
29	53	-0.9759
29	54	-1.6533
29	55	-0.0276
29	56	-0.8872
29	57	-0.1034
29	58	1.1106
29	59	0.9616
29	60	-0.3690
29	61	1.1113
29	62	0.9404
29	63	-0.2880
29	64	1.3289
29	65	1.5078
29	66	0.2354
29	67	-0.7167
29	68	-0.3914
29	69	1.2933
29	70	-1.2771
29	71	-0.6376
29	72	1.3419
29	73	-1.5401
29	74	-0.5758
29	75	-0.5400
29	76	-2.3011
29	77	-0.5037
29	78	-0.3123
29	79	1.2132
29	80	0.1387
29	81	0.6708
29	82	0.4910
29	83	0.4633
29	84	-0.4666
29	85	0.9474
29	86	-2.6578
29	87	-1.2550
29	88	0.9269
29	89	1.2756
29	90	0.0226
29	91	2.8121
29	92	-0.1101
29	93	0.4089
29	94	0.7592
29	95	-1.8353
29	96	0.7375
29	97	-0.9597
29	98	-0.5861
29	99	0.0963
29	100	2.8298
29	101	-0.9903
30	31	0.1357
30	32	0.2486
30	33	-0.1187
30	34	0.5541
30	35	0.6400
30	36	1.2584
30	37	-0.4445
30	38	0.2265
30	39	-0.2486
30	40	-1.1086
30	41	-0.0590
30	42	0.1133
30	43	0.2690
30	44	-2.3157
30	45	0.9717
30	46	1.0313
30	47	0.3191
30	48	-0.4073
30	49	-0.9630
30	50	-0.3029
30	51	0.8144
30	52	0.6472
30	53	0.0492
30	54	-1.0316
30	55	0.6308
30	56	1.1124
30	57	0.3940
30	58	1.3787
30	59	-0.8274
30	60	0.3415
30	61	-0.3256
30	62	0.8653
30	63	2.4287
30	64	-1.6712
30	65	-1.5341
30	66	-0.4446
30	67	-0.2191
30	68	0.1505
30	69	-0.7019
30	70	1.4072
30	71	1.6408
30	72	-0.2729
30	73	-0.4702
30	74	1.4212
30	75	-1.5602
30	76	0.5106
30	77	-1.1114
30	78	-0.1023
30	79	2.1272
30	80	0.0991
30	81	1.4254
30	82	-0.6254
30	83	-0.8285
30	84	-1.3027
30	85	0.2586
30	86	1.2970
30	87	-0.9362
30	88	1.2764
30	89	-0.7794
30	90	-1.3684
30	91	-0.1581
30	92	-0.7056
30	93	2.0064
30	94	1.2121
30	95	-1.7685
30	96	1.9906
30	97	-0.8573
30	98	1.8057
30	99	1.2114
30	100	-1.3575
30	101	-0.7204
31	32	-1.2121
31	33	-0.4032
31	34	1.4595
31	35	-1.0836
31	36	2.9132
31	37	-0.1733
31	38	1.4738
31	39	1.0822
31	40	1.2282
31	41	0.2820
31	42	-0.8112
31	43	0.2228
31	44	0.7948
31	45	0.7725
31	46	-0.7468
31	47	1.2042
31	48	-0.0501
31	49	-1.1809
31	50	0.7755
31	51	1.7145
31	52	-0.3090
31	53	1.2403
31	54	0.4193
31	55	2.1457
31	56	-0.6901
31	57	-0.2099
31	58	0.2399
31	59	-0.4974
31	60	-0.3247
31	61	-0.6452
31	62	0.1510
31	63	0.6120
31	64	0.8045
31	65	0.2905
31	66	-1.4513
31	67	0.1375
31	68	0.8569
31	69	-0.2735
31	70	1.7684
31	71	1.2196
31	72	-0.1905
31	73	0.2903
31	74	-1.2677
31	75	0.4157
31	76	-0.8389
31	77	-2.4760
31	78	-1.4155
31	79	-0.0170
31	80	-1.5884
31	81	-0.0575
31	82	-0.8288
31	83	0.2990
31	84	0.9949
31	85	1.2858
31	86	0.3069
31	87	1.0636
31	88	0.2375
31	89	-0.7320
31	90	0.6353
31	91	1.7213
31	92	0.4811
31	93	-0.8176
31	94	0.0340
31	95	1.7914
31	96	1.0120
31	97	-1.0818
31	98	0.3100
31	99	-0.7878
31	100	-2.1012
31	101	0.7555
32	33	-0.8435
32	34	0.3477
32	35	0.0833
32	36	1.3223
32	37	-0.2413
32	38	1.5148
32	39	1.7246
32	40	0.3639
32	41	0.0099
32	42	-1.6576
32	43	-0.9164
32	44	-0.3324
32	45	0.1985
32	46	-1.5223
32	47	0.2207
32	48	0.3975
32	49	0.3860
32	50	0.4095
32	51	1.3227
32	52	1.0334
32	53	-0.8131
32	54	-1.1002
32	55	-0.4544
32	56	0.9335
32	57	-0.4252
32	58	0.5090
32	59	-0.0532
32	60	-1.0475
32	61	0.2393
32	62	0.7427
32	63	0.1952
32	64	-0.6804
32	65	0.8376
32	66	-0.9815
32	67	-1.2361
32	68	0.1797
32	69	0.9915
32	70	0.2706
32	71	-0.3559
32	72	0.5922
32	73	-0.3009
32	74	-0.6398
32	75	1.5604
32	76	-0.5665
32	77	0.3951
32	78	-0.7591
32	79	-0.9602
32	80	1.0177
32	81	-0.5418
32	82	0.4283
32	83	2.0093
32	84	-0.2120
32	85	0.0639
32	86	0.5960
32	87	-0.2322
32	88	1.4011
32	89	1.0022
32	90	0.5728
32	91	0.7223
32	92	0.8932
32	93	-0.6250
32	94	0.1281
32	95	-0.9132
32	96	2.4990
32	97	0.9869
32	98	-0.2986
32	99	0.3545
32	100	-0.7485
32	101	-1.3581
33	34	0.5508
33	35	2.0465
33	36	-1.5535
33	37	1.0500
33	38	-1.6519
33	39	2.2392
33	40	-0.8552
33	41	0.8560
33	42	-0.1455
33	43	-0.1699
33	44	-0.3399
33	45	-1.3854
33	46	-0.3782
33	47	-1.8613
33	48	-1.8240
33	49	-0.1297
33	50	-0.9255
33	51	0.7478
33	52	-0.6611
33	53	1.2313
33	54	0.2601
33	55	0.6272
33	56	0.2357
33	57	-0.4795
33	58	0.8326
33	59	-0.5570
33	60	0.9257
33	61	-1.0097
33	62	-0.3885
33	63	-1.3868
33	64	-1.3255
33	65	-0.2627
33	66	-1.9660
33	67	1.0587
33	68	0.3444
33	69	-1.0674
33	70	-0.5739
33	71	-1.2380
33	72	-0.4746
33	73	-0.9934
33	74	0.2395
33	75	-0.9653
33	76	0.4894
33	77	0.2928
33	78	1.7415
33	79	-1.2337
33	80	-0.2393
33	81	-0.2350
33	82	0.3624
33	83	-0.1482
33	84	-0.0064
33	85	0.2392
33	86	-0.3014
33	87	1.4129
33	88	0.3240
33	89	-0.4642
33	90	-0.4771
33	91	-1.0072
33	92	0.4043
33	93	-0.1106
33	94	1.4369
33	95	-1.2774
33	96	-1.0198
33	97	1.5158
33	98	0.4418
33	99	0.6232
33	100	1.5394
33	101	0.8192
34	35	0.7134
34	36	-0.5998
34	37	1.1750
34	38	-0.3536
34	39	-1.2177
34	40	-0.1807
34	41	0.7824
34	42	0.0170
34	43	0.9576
34	44	0.8850
34	45	-1.6222
34	46	0.1227
34	47	0.5109
34	48	0.3871
34	49	0.4218
34	50	0.9402
34	51	-0.8057
34	52	2.2906
34	53	1.2100
34	54	0.6841
34	55	0.3400
34	56	-0.2467
34	57	0.0921
34	58	-0.6589
34	59	-0.5595
34	60	0.6575
34	61	-0.4108
34	62	1.4529
34	63	0.1157
34	64	-0.5780
34	65	-1.6094
34	66	-1.8517
34	67	-1.3231
34	68	0.9740
34	69	-1.2150
34	70	0.8991
34	71	0.6463
34	72	-0.5100
34	73	1.3803
34	74	-0.3714
34	75	-0.5593
34	76	-1.9345
34	77	-0.4621
34	78	-0.1564
34	79	-0.0390
34	80	-0.8272
34	81	-0.9000
34	82	0.3414
34	83	-0.5726
34	84	-0.2202
34	85	-0.1775
34	86	-0.7097
34	87	-0.9564
34	88	-1.5401
34	89	0.4043
34	90	0.1831
34	91	0.5882
34	92	-0.9258
34	93	-1.4238
34	94	-0.0825
34	95	-1.1023
34	96	0.9380
34	97	0.0980
34	98	-0.1216
34	99	0.2122
34	100	0.6413
34	101	0.5497
35	36	-0.8351
35	37	-0.8130
35	38	-0.7496
35	39	-1.1069
35	40	-0.4797
35	41	-0.6694
35	42	-1.5972
35	43	1.2859
35	44	0.7197
35	45	-1.0428
35	46	-0.4909
35	47	1.5750
35	48	-1.4614
35	49	1.1096
35	50	0.4354
35	51	-0.3802
35	52	-0.3633
35	53	1.7714
35	54	0.6452
35	55	1.0965
35	56	-0.5570
35	57	0.3289
35	58	-0.1192
35	59	1.8931
35	60	1.7638
35	61	-0.9602
35	62	-0.8080
35	63	-1.5245
35	64	-0.3586
35	65	-0.7413
35	66	-1.1836
35	67	0.2083
35	68	0.8728
35	69	0.6930
35	70	0.5445
35	71	-0.3884
35	72	0.1955
35	73	0.2772
35	74	0.6626
35	75	1.9188
35	76	1.5514
35	77	-1.5500
35	78	-0.5645
35	79	-0.0716
35	80	0.1571
35	81	-0.2415
35	82	-2.4807
35	83	-0.7023
35	84	-0.2546
35	85	-0.0074
35	86	0.8437
35	87	-0.3586
35	88	-0.7789
35	89	1.5175
35	90	-1.5725
35	91	0.8558
35	92	0.2073
35	93	2.3959
35	94	-1.6937
35	95	0.0683
35	96	0.2107
35	97	1.2981
35	98	0.7591
35	99	-0.9653
35	100	1.2171
35	101	-0.3579
36	37	-0.4502
36	38	0.0433
36	39	1.7864
36	40	0.6495
36	41	-0.9298
36	42	-0.4649
36	43	2.3299
36	44	0.0799
36	45	0.8199
36	46	-0.1625
36	47	-1.1984
36	48	-1.3850
36	49	-1.3972
36	50	-1.9534
36	51	0.2394
36	52	0.2630
36	53	-0.0259
36	54	1.4307
36	55	1.2264
36	56	-0.0752
36	57	-1.0706
36	58	1.0189
36	59	-0.7443
36	60	1.6762
36	61	-1.8954
36	62	-0.2013
36	63	-0.8542
36	64	-0.4030
36	65	-0.8586
36	66	1.0972
36	67	-0.3212
36	68	0.0503
36	69	-1.7659
36	70	-0.2403
36	71	3.1656
36	72	-1.3929
36	73	-0.0990
36	74	0.7296
36	75	0.6710
36	76	0.1530
36	77	-0.5147
36	78	0.4488
36	79	-1.6656
36	80	0.3388
36	81	-0.2304
36	82	1.0210
36	83	1.5869
36	84	1.2278
36	85	0.2261
36	86	0.3128
36	87	-0.2817
36	88	0.1845
36	89	0.8613
36	90	-0.8045
36	91	0.2982
36	92	-0.7473
36	93	1.0700
36	94	-1.0876
36	95	0.4538
36	96	0.1277
36	97	1.0517
36	98	0.3865
36	99	0.3522
36	100	0.7809
36	101	1.1041
37	38	1.5767
37	39	0.3303
37	40	1.6402
37	41	0.1972
37	42	1.6470
37	43	-1.8437
37	44	-0.8793
37	45	-0.4516
37	46	0.0722
37	47	0.3529
37	48	1.0020
37	49	1.6128
37	50	-1.3213
37	51	-0.8127
37	52	-1.5051
37	53	1.4548
37	54	0.6444
37	55	-0.1883
37	56	-2.1160
37	57	0.2207
37	58	-0.9203
37	59	-1.0175
37	60	-0.3640
37	61	-0.2610
37	62	0.2837
37	63	0.2178
37	64	0.5996
37	65	-0.7348
37	66	-0.3881
37	67	-0.3212
37	68	-0.3002
37	69	-1.5361
37	70	-0.0315
37	71	0.0845
37	72	-1.0270
37	73	0.2158
37	74	-0.3843
37	75	0.0469
37	76	-2.1074
37	77	-1.1094
37	78	-0.5177
37	79	-0.0092
37	80	1.1229
37	81	0.5943
37	82	0.2879
37	83	-0.5268
37	84	-0.3665
37	85	0.7827
37	86	0.5659
37	87	-0.3826
37	88	-1.1615
37	89	0.3017
37	90	0.1496
37	91	-0.6759
37	92	-0.2529
37	93	-0.2127
37	94	0.1376
37	95	-0.0400
37	96	-0.3401
37	97	1.0361
37	98	-1.1891
37	99	-0.6345
37	100	0.7362
37	101	-0.0190
38	39	-0.5815
38	40	-0.5654
38	41	1.0105
38	42	-0.7758
38	43	1.0263
38	44	0.8997
38	45	0.1710
38	46	0.8018
38	47	-0.3471
38	48	1.9762
38	49	0.2615
38	50	0.2365
38	51	-0.4671
38	52	0.7865
38	53	1.1847
38	54	0.1570
38	55	0.3006
38	56	-0.8294
38	57	1.1785
38	58	-0.5694
38	59	0.2032
38	60	-0.0601
38	61	-0.2730
38	62	-0.9478
38	63	-0.2246
38	64	-1.7651
38	65	-0.1874
38	66	0.2621
38	67	0.9133
38	68	-0.0710
38	69	0.8710
38	70	1.9500
38	71	1.7819
38	72	-0.3986
38	73	-0.3349
38	74	0.4216
38	75	-1.1653
38	76	-1.3399
38	77	-0.0735
38	78	-0.5375
38	79	0.8795
38	80	0.8406
38	81	1.1893
38	82	-1.4634
38	83	0.7855
38	84	1.6670
38	85	1.2858
38	86	-1.6062
38	87	1.2981
38	88	0.7480
38	89	1.5865
38	90	1.5459
38	91	0.4796
38	92	-0.0253
38	93	-0.7012
38	94	-0.6882
38	95	-0.3133
38	96	-0.2508
38	97	-0.7214
38	98	-0.4253
38	99	1.6717
38	100	-0.7355
38	101	0.8885
39	40	0.7491
39	41	0.6725
39	42	-1.1477
39	43	2.9000
39	44	0.8128
39	45	-0.1030
39	46	1.0122
39	47	-0.5218
39	48	-0.7031
39	49	-0.2817
39	50	-1.3030
39	51	-0.3909
39	52	-1.9727
39	53	1.3374
39	54	0.8780
39	55	-2.3719
39	56	-1.3572
39	57	-0.5366
39	58	0.4268
39	59	1.3707
39	60	-0.8514
39	61	-1.3765
39	62	0.4416
39	63	-1.0181
39	64	1.7670
39	65	1.3438
39	66	0.6934
39	67	-1.8195
39	68	-0.5233
39	69	-1.3132
39	70	-0.5456
39	71	-0.4537
39	72	1.8800
39	73	-1.6472
39	74	0.0070
39	75	-1.2956
39	76	-1.4745
39	77	0.5474
39	78	-0.9251
39	79	0.2985
39	80	-0.3174
39	81	0.2003
39	82	0.2200
39	83	0.8635
39	84	-0.7478
39	85	0.8152
39	86	1.2437
39	87	0.9721
39	88	-0.3939
39	89	1.3693
39	90	1.2302
39	91	1.6745
39	92	-2.2129
39	93	1.0604
39	94	0.9432
39	95	-0.8084
39	96	-0.8886
39	97	0.8316
39	98	0.3330
39	99	0.0465
39	100	-0.1558
39	101	-0.5086
40	41	0.1156
40	42	-0.0808
40	43	-0.9614
40	44	-1.4609
40	45	-0.8726
40	46	0.9246
40	47	2.0703
40	48	-0.1889
40	49	-2.3403
40	50	0.6785
40	51	0.6845
40	52	-0.3714
40	53	-0.9446
40	54	-0.9224
40	55	0.4450
40	56	0.6383
40	57	0.1682
40	58	0.7244
40	59	0.3086
40	60	-0.1705
40	61	1.6342
40	62	1.3738
40	63	-0.6684
40	64	0.8076
40	65	-0.9823
40	66	-1.0169
40	67	-0.3724
40	68	-1.2199
40	69	0.1767
40	70	1.2298
40	71	0.4134
40	72	0.2388
40	73	-0.4898
40	74	-0.5845
40	75	0.6556
40	76	0.2847
40	77	0.6656
40	78	0.1326
40	79	-1.0721
40	80	0.6554
40	81	0.4821
40	82	0.6410
40	83	-0.0948
40	84	-0.8136
40	85	1.1176
40	86	-0.4060
40	87	1.4712
40	88	0.7263
40	89	-1.6402
40	90	0.8594
40	91	0.0458
40	92	-1.1591
40	93	-0.8041
40	94	-0.6762
40	95	0.4093
40	96	-0.7756
40	97	0.2659
40	98	-0.0906
40	99	-1.2622
40	100	0.0091
40	101	2.4854
41	42	-1.3401
41	43	0.0416
41	44	-0.6321
41	45	-0.6003
41	46	-2.1543
41	47	0.8283
41	48	-0.2793
41	49	-1.0252
41	50	1.3951
41	51	0.3399
41	52	1.3079
41	53	0.5472
41	54	1.1291
41	55	-0.8418
41	56	-1.1602
41	57	0.3505
41	58	0.0376
41	59	2.2318
41	60	0.1782
41	61	0.5681
41	62	-0.1953
41	63	1.7023
41	64	0.2361
41	65	0.5577
41	66	-0.9076
41	67	0.4724
41	68	-2.5628
41	69	0.3284
41	70	0.0493
41	71	-0.2447
41	72	-0.9547
41	73	-1.2608
41	74	1.2898
41	75	-0.0862
41	76	-0.3562
41	77	1.3466
41	78	-1.9381
41	79	1.0954
41	80	0.6230
41	81	0.3070
41	82	-0.0993
41	83	-0.4271
41	84	-1.1998
41	85	1.3870
41	86	-2.3544
41	87	-1.3595
41	88	0.3079
41	89	-2.3058
41	90	0.7268
41	91	-0.4251
41	92	0.1313
41	93	-2.2515
41	94	0.7548
41	95	1.4292
41	96	0.1927
41	97	0.5668
41	98	0.4006
41	99	0.0194
41	100	0.6376
41	101	-1.5404
42	43	1.3594
42	44	1.7494
42	45	-0.4443
42	46	0.3156
42	47	0.8351
42	48	-0.1853
42	49	0.5898
42	50	0.3889
42	51	0.2604
42	52	-1.6637
42	53	0.8139
42	54	1.0394
42	55	2.1558
42	56	0.3740
42	57	-1.4374
42	58	-1.2383
42	59	-0.8987
42	60	-1.0445
42	61	-0.6270
42	62	-0.2618
42	63	-0.0057
42	64	-0.6673
42	65	0.5849
42	66	-0.2262
42	67	-1.8949
42	68	-1.5163
42	69	-0.4825
42	70	1.4838
42	71	1.5486
42	72	0.0930
42	73	-0.3912
42	74	1.0542
42	75	-0.3388
42	76	-0.2048
42	77	1.2151
42	78	-1.2641
42	79	0.3029
42	80	0.6558
42	81	-0.3901
42	82	-0.7081
42	83	0.0326
42	84	-0.0116
42	85	-0.0487
42	86	1.1441
42	87	1.4221
42	88	-0.1608
42	89	-1.1993
42	90	-2.2800
42	91	0.0263
42	92	-0.8214
42	93	-0.6312
42	94	-0.0377
42	95	1.5104
42	96	-2.7323
42	97	0.0439
42	98	0.0141
42	99	-0.1251
42	100	0.2936
42	101	0.5018
43	44	-1.1701
43	45	0.6581
43	46	0.0227
43	47	0.3499
43	48	0.9205
43	49	-2.2195
43	50	0.8316
43	51	0.4341
43	52	0.0619
43	53	-1.3593
43	54	-0.5528
43	55	0.8150
43	56	0.1892
43	57	0.6593
43	58	0.4481
43	59	-1.8899
43	60	-0.0416
43	61	1.2841
43	62	0.7783
43	63	0.7000
43	64	0.3675
43	65	1.1394
43	66	-0.1629
43	67	1.4056
43	68	-0.3441
43	69	0.4060
43	70	-1.4209
43	71	-0.0321
43	72	-0.5481
43	73	-0.3239
43	74	0.3096
43	75	1.3281
43	76	0.7784
43	77	2.5524
43	78	-0.3917
43	79	0.8591
43	80	-1.0097
43	81	1.1520
43	82	-0.5055
43	83	0.3820
43	84	1.4250
43	85	0.9757
43	86	0.5585
43	87	1.4988
43	88	0.8271
43	89	-0.6172
43	90	1.5724
43	91	-2.9482
43	92	1.6288
43	93	-0.1551
43	94	-0.5586
43	95	1.2724
43	96	1.8892
43	97	-1.0196
43	98	0.3061
43	99	-0.7452
43	100	-0.1410
43	101	-0.3387
44	45	-0.5436
44	46	-0.8542
44	47	-0.3571
44	48	0.2813
44	49	-1.1463
44	50	-0.4002
44	51	1.0721
44	52	0.8972
44	53	-0.5493
44	54	-0.1934
44	55	-0.2102
44	56	-0.1068
44	57	1.7387
44	58	-0.1915
44	59	0.5532
44	60	-0.7600
44	61	-0.7361
44	62	-1.0289
44	63	0.2823
44	64	-0.1763
44	65	0.2423
44	66	-0.3333
44	67	0.0944
44	68	-1.2214
44	69	-0.6161
44	70	0.2922
44	71	0.0353
44	72	0.1040
44	73	0.4251
44	74	0.0952
44	75	-0.7793
44	76	-0.0392
44	77	1.3441
44	78	1.1147
44	79	-1.0431
44	80	-0.6763
44	81	2.6011
44	82	-1.5813
44	83	0.7377
44	84	0.0455
44	85	-0.4917
44	86	-0.7496
44	87	-0.5881
44	88	-0.3228
44	89	-0.2436
44	90	-0.8542
44	91	-0.1995
44	92	0.7080
44	93	-0.5297
44	94	-1.1518
44	95	1.1398
44	96	1.6246
44	97	-0.5721
44	98	0.9683
44	99	-0.5623
44	100	0.5244
44	101	1.2660
45	46	-0.9844
45	47	1.0528
45	48	-1.6100
45	49	0.5315
45	50	-0.2549
45	51	-0.4039
45	52	-1.1476
45	53	-1.4488
45	54	-1.2198
45	55	-0.6700
45	56	0.1599
45	57	0.3492
45	58	0.2370
45	59	-0.2404
45	60	2.5301
45	61	-0.5719
45	62	1.0356
45	63	-0.3235
45	64	0.6605
45	65	-1.3288
45	66	0.8444
45	67	1.4856
45	68	1.4524
45	69	-0.1186
45	70	0.1267
45	71	-0.4348
45	72	1.4467
45	73	0.3024
45	74	0.4839
45	75	-0.2014
45	76	-1.5844
45	77	-1.4391
45	78	0.9276
45	79	1.4299
45	80	0.6297
45	81	0.0924
45	82	0.2695
45	83	-1.5700
45	84	1.5237
45	85	-0.2621
45	86	0.6001
45	87	-1.5134
45	88	0.7885
45	89	-0.0877
45	90	-0.9159
45	91	2.0500
45	92	0.8069
45	93	-1.6367
45	94	0.6986
45	95	1.0908
45	96	-0.4633
45	97	0.6718
45	98	0.7103
45	99	-0.2053
45	100	-0.7198
45	101	-1.1918
46	47	-1.0072
46	48	1.1870
46	49	0.1693
46	50	-0.4517
46	51	0.0973
46	52	2.3114
46	53	0.3152
46	54	-1.6401
46	55	0.4155
46	56	1.0827
46	57	1.7288
46	58	-0.6251
46	59	-0.7000
46	60	-1.6778
46	61	1.5172
46	62	-0.2820
46	63	0.5311
46	64	1.0049
46	65	-0.3232
46	66	-0.4334
46	67	-1.0098
46	68	0.4120
46	69	-0.1908
46	70	0.3450
46	71	3.3565
46	72	0.0273
46	73	1.6362
46	74	0.8540
46	75	1.2185
46	76	-1.6343
46	77	-0.0401
46	78	0.0925
46	79	0.8376
46	80	-0.2288
46	81	-2.0921
46	82	-0.1137
46	83	-0.4930
46	84	-0.7809
46	85	0.0553
46	86	-0.8905
46	87	-0.7102
46	88	-1.7191
46	89	-0.2307
46	90	0.1037
46	91	-0.1949
46	92	-1.1614
46	93	-0.4084
46	94	-1.3361
46	95	-0.8677
46	96	0.8712
46	97	2.2677
46	98	0.3245
46	99	-1.0258
46	100	-1.7326
46	101	2.0599
47	48	0.4553
47	49	1.1994
47	50	0.3299
47	51	-0.8453
47	52	-1.0438
47	53	0.0738
47	54	-1.1036
47	55	0.0865
47	56	-2.0186
47	57	0.1564
47	58	0.5399
47	59	0.6373
47	60	0.5762
47	61	0.7319
47	62	2.2161
47	63	-1.1344
47	64	1.1232
47	65	-0.5990
47	66	2.2074
47	67	-1.2979
47	68	1.2002
47	69	0.5344
47	70	0.3243
47	71	-2.2688
47	72	0.9239
47	73	-0.1516
47	74	-1.1801
47	75	0.9781
47	76	-2.2656
47	77	-0.2915
47	78	1.2545
47	79	0.7091
47	80	-0.1840
47	81	2.1551
47	82	-0.7597
47	83	1.1897
47	84	0.0764
47	85	-0.2519
47	86	-0.6923
47	87	-0.1912
47	88	-1.6924
47	89	1.1561
47	90	1.4427
47	91	0.8794
47	92	-0.6002
47	93	0.8913
47	94	0.6541
47	95	-0.6977
47	96	-1.1108
47	97	-1.7265
47	98	0.8985
47	99	2.5875
47	100	-0.2569
47	101	-0.9525
48	49	0.9271
48	50	1.5645
48	51	0.1488
48	52	-1.0494
48	53	-0.3211
48	54	1.3226
48	55	1.4342
48	56	-0.7413
48	57	0.6976
48	58	-2.7803
48	59	-1.5541
48	60	0.6222
48	61	0.8273
48	62	-0.1659
48	63	-0.5576
48	64	1.3611
48	65	2.1511
48	66	-0.1698
48	67	0.4126
48	68	2.2591
48	69	-1.8552
48	70	1.2522
48	71	-0.5655
48	72	0.5141
48	73	-0.1096
48	74	-0.2294
48	75	0.5421
48	76	-0.3569
48	77	0.7382
48	78	-0.3499
48	79	1.1762
48	80	1.5644
48	81	0.1063
48	82	1.1351
48	83	-0.8336
48	84	-0.4418
48	85	0.3288
48	86	-1.1436
48	87	-0.8632
48	88	0.2733
48	89	0.1239
48	90	0.3288
48	91	-0.5228
48	92	-0.5480
48	93	0.2098
48	94	-0.0115
48	95	0.3656
48	96	-0.6133
48	97	0.1883
48	98	0.0034
48	99	-0.7708
48	100	1.9143
48	101	-1.5803
49	50	-0.4607
49	51	-0.2170
49	52	0.4229
49	53	0.6906
49	54	0.3812
49	55	-0.1127
49	56	-1.0629
49	57	-0.3450
49	58	0.2114
49	59	-1.1436
49	60	-2.5555
49	61	0.1807
49	62	0.3412
49	63	-0.2611
49	64	0.0887
49	65	-0.1984
49	66	0.6407
49	67	2.2899
49	68	-0.8533
49	69	0.6698
49	70	-0.9651
49	71	1.4606
49	72	-0.6852
49	73	-0.6699
49	74	-1.6683
49	75	0.8542
49	76	0.0038
49	77	-0.7115
49	78	-0.5935
49	79	0.1894
49	80	1.0689
49	81	0.6720
49	82	0.3150
49	83	-0.3743
49	84	-0.4897
49	85	-0.0962
49	86	-0.9843
49	87	-0.5963
49	88	0.0306
49	89	-2.1822
49	90	1.2499
49	91	1.0303
49	92	0.5058
49	93	-1.3422
49	94	1.0090
49	95	-0.0876
49	96	0.6406
49	97	1.0474
49	98	0.1433
49	99	0.0424
49	100	-2.5598
49	101	0.0315
50	51	-1.1058
50	52	2.1621
50	53	2.5513
50	54	1.6688
50	55	-1.5066
50	56	-0.2763
50	57	1.3232
50	58	-0.0521
50	59	-0.3544
50	60	-0.1013
50	61	-0.9879
50	62	0.1589
50	63	0.8184
50	64	-1.1949
50	65	-0.2714
50	66	0.3219
50	67	0.3007
50	68	0.5805
50	69	-0.5111
50	70	-0.3171
50	71	-0.8496
50	72	0.6010
50	73	-2.7997
50	74	-0.7115
50	75	-0.6471
50	76	0.8957
50	77	-0.3834
50	78	-1.7215
50	79	-0.0095
50	80	-0.6327
50	81	0.7276
50	82	1.5048
50	83	-0.1706
50	84	-0.4224
50	85	-0.9955
50	86	0.1707
50	87	0.5632
50	88	-0.0107
50	89	1.5456
50	90	-0.8153
50	91	0.2085
50	92	-0.5937
50	93	-2.0731
50	94	-1.4249
50	95	-0.5475
50	96	-1.2696
50	97	-0.6372
50	98	0.5496
50	99	-0.8085
50	100	-0.4297
50	101	0.2355
51	52	0.7837
51	53	-1.4368
51	54	-0.2480
51	55	1.1082
51	56	-0.2073
51	57	-0.6836
51	58	1.7023
51	59	-0.6434
51	60	0.2840
51	61	-0.8163
51	62	1.5742
51	63	0.3244
51	64	0.4280
51	65	0.5469
51	66	-0.9304
51	67	1.1451
51	68	0.2890
51	69	0.2163
51	70	-0.3937
51	71	-0.0054
51	72	-2.9622
51	73	0.3548
51	74	-1.8360
51	75	0.3077
51	76	0.0659
51	77	0.6620
51	78	0.4712
51	79	0.8257
51	80	-0.8236
51	81	-0.0882
51	82	-0.8468
51	83	0.6271
51	84	-0.1936
51	85	2.0628
51	86	-0.3414
51	87	-0.2170
51	88	-1.8496
51	89	-0.0173
51	90	0.8721
51	91	-0.0498
51	92	-0.1712
51	93	-2.3090
51	94	0.2935
51	95	0.4319
51	96	2.0474
51	97	0.0201
51	98	0.5963
51	99	-0.0380
51	100	-1.1949
51	101	-2.0617
52	53	-1.0044
52	54	0.9189
52	55	0.3664
52	56	-0.3375
52	57	1.3833
52	58	-1.1378
52	59	0.0324
52	60	-0.3167
52	61	0.3649
52	62	-1.0409
52	63	0.4142
52	64	1.3352
52	65	0.0361
52	66	-1.6256
52	67	-0.8198
52	68	2.4467
52	69	-2.0218
52	70	0.1752
52	71	0.8361
52	72	-0.6666
52	73	0.7121
52	74	-0.8298
52	75	-1.0061
52	76	-0.0923
52	77	0.3644
52	78	0.2570
52	79	0.8315
52	80	-0.6136
52	81	0.2772
52	82	-0.0780
52	83	0.0160
52	84	1.5446
52	85	0.2511
52	86	-0.1472
52	87	0.8392
52	88	-1.5205
52	89	-0.8603
52	90	1.0489
52	91	-0.4753
52	92	0.9612
52	93	-1.0412
52	94	-0.1872
52	95	0.3543
52	96	-1.2534
52	97	-0.0412
52	98	-0.1919
52	99	-0.1418
52	100	2.0747
52	101	1.5592
53	54	0.4919
53	55	-0.1366
53	56	2.0474
53	57	-0.8500
53	58	0.0564
53	59	-1.1130
53	60	-0.9408
53	61	1.0942
53	62	-0.0564
53	63	-1.1797
53	64	1.7992
53	65	0.1431
53	66	0.3979
53	67	-0.8044
53	68	0.0057
53	69	-0.7914
53	70	-0.8760
53	71	-0.4298
53	72	0.8973
53	73	-0.2411
53	74	-0.2539
53	75	-0.7218
53	76	1.5113
53	77	-0.6140
53	78	0.6935
53	79	0.7629
53	80	-0.0097
53	81	-0.6921
53	82	0.7191
53	83	0.3442
53	84	1.8986
53	85	0.6121
53	86	-0.9215
53	87	-0.4105
53	88	1.5159
53	89	-2.1818
53	90	-0.7703
53	91	0.0539
53	92	0.2521
53	93	0.1519
53	94	-2.3410
53	95	-0.2580
53	96	0.6403
53	97	-0.4505
53	98	-0.1821
53	99	0.3959
53	100	1.8390
53	101	-1.2144
54	55	-1.9674
54	56	1.4090
54	57	0.9510
54	58	1.1141
54	59	-0.7260
54	60	-0.3141
54	61	-1.2038
54	62	-1.3919
54	63	-0.5846
54	64	0.5315
54	65	1.2626
54	66	-1.6966
54	67	-1.4626
54	68	0.6368
54	69	-1.0030
54	70	0.7397
54	71	1.4577
54	72	-0.2903
54	73	-1.4567
54	74	-0.6104
54	75	0.0147
54	76	0.7537
54	77	0.6782
54	78	-0.0579
54	79	1.9086
54	80	1.6798
54	81	-0.5926
54	82	-0.4283
54	83	0.1515
54	84	-0.1821
54	85	0.0526
54	86	0.3806
54	87	1.2782
54	88	-0.4104
54	89	0.6033
54	90	-1.3510
54	91	-0.0359
54	92	0.9719
54	93	0.0478
54	94	-0.6186
54	95	0.9006
54	96	0.1114
54	97	-2.3936
54	98	0.5252
54	99	0.0917
54	100	0.1505
54	101	-1.6233
55	56	-0.1731
55	57	-0.2066
55	58	0.5080
55	59	0.8473
55	60	1.5985
55	61	-0.2702
55	62	-0.9536
55	63	0.4711
55	64	1.5371
55	65	-0.8067
55	66	-0.5591
55	67	-0.3296
55	68	-0.0864
55	69	-0.0657
55	70	-0.8404
55	71	0.5224
55	72	-0.0961
55	73	0.4586
55	74	-0.0805
55	75	-1.5302
55	76	0.2756
55	77	0.6718
55	78	-0.0281
55	79	1.7372
55	80	-0.7527
55	81	0.3584
55	82	-0.4133
55	83	0.6383
55	84	-1.1984
55	85	0.6934
55	86	-1.1563
55	87	0.9873
55	88	-0.1423
55	89	1.3494
55	90	-0.3057
55	91	0.1646
55	92	0.2341
55	93	-0.7612
55	94	-1.5844
55	95	0.0342
55	96	0.4902
55	97	-1.9935
55	98	-1.5373
55	99	-1.2571
55	100	-0.6198
55	101	1.1496
56	57	-0.5506
56	58	-0.8910
56	59	-0.7156
56	60	-0.4814
56	61	0.6615
56	62	0.1131
56	63	-0.8741
56	64	0.5844
56	65	0.5202
56	66	-0.7646
56	67	0.0683
56	68	0.4941
56	69	-0.1874
56	70	0.1502
56	71	-1.2334
56	72	1.7924
56	73	-1.0778
56	74	0.6956
56	75	0.0819
56	76	0.7628
56	77	-0.5351
56	78	1.2424
56	79	-0.3594
56	80	-0.4926
56	81	-0.9880
56	82	0.2861
56	83	1.3213
56	84	-0.8839
56	85	0.0319
56	86	-1.8976
56	87	0.8936
56	88	-1.0308
56	89	0.4703
56	90	-0.5382
56	91	0.6355
56	92	-0.9179
56	93	-0.2687
56	94	1.9186
56	95	-0.8036
56	96	1.2756
56	97	0.7207
56	98	1.3275
56	99	2.1928
56	100	-0.7286
56	101	-0.9930
57	58	-0.1678
57	59	1.1760
57	60	1.4096
57	61	-1.4236
57	62	-0.4856
57	63	-2.6340
57	64	1.8977
57	65	1.0315
57	66	0.9435
57	67	1.3324
57	68	-0.4811
57	69	1.0274
57	70	0.5310
57	71	0.4526
57	72	-1.2783
57	73	0.5457
57	74	0.5733
57	75	-0.3824
57	76	0.2840
57	77	-0.3280
57	78	0.1936
57	79	1.5469
57	80	1.2975
57	81	0.6725
57	82	0.0936
57	83	-1.6968
57	84	-0.9306
57	85	-0.8199
57	86	-0.3150
57	87	-0.5060
57	88	0.6434
57	89	0.6558
57	90	-1.7512
57	91	0.1211
57	92	-0.1094
57	93	-1.8621
57	94	0.0819
57	95	1.3816
57	96	-1.0292
57	97	-0.0649
57	98	0.2885
57	99	-0.0908
57	100	0.0506
57	101	-0.8917
58	59	0.9681
58	60	0.7422
58	61	1.3455
58	62	1.2280
58	63	0.1686
58	64	0.0596
58	65	0.0028
58	66	-0.6650
58	67	-0.0554
58	68	0.4282
58	69	-1.8364
58	70	1.1468
58	71	-0.4619
58	72	1.0033
58	73	0.8368
58	74	0.2858
58	75	-0.3985
58	76	-0.5467
58	77	0.5134
58	78	0.1583
58	79	0.0064
58	80	0.5288
58	81	0.5493
58	82	0.9392
58	83	-1.8273
58	84	-0.7075
58	85	1.0058
58	86	0.2375
58	87	-1.5638
58	88	0.6669
58	89	-0.4327
58	90	-0.0628
58	91	-2.3458
58	92	0.9993
58	93	-0.5280
58	94	0.9128
58	95	-0.9475
58	96	-1.2582
58	97	0.4805
58	98	0.1439
58	99	-1.4121
58	100	0.6792
58	101	-0.9807
59	60	-1.3216
59	61	2.4695
59	62	0.6312
59	63	-0.1658
59	64	-0.6270
59	65	0.5139
59	66	-1.4394
59	67	-0.3766
59	68	0.1572
59	69	0.0045
59	70	0.3644
59	71	0.1242
59	72	0.7581
59	73	-0.8020
59	74	-1.0606
59	75	0.4625
59	76	0.3768
59	77	0.0068
59	78	-1.4878
59	79	-1.3838
59	80	0.3436
59	81	-0.0699
59	82	-0.9278
59	83	0.5589
59	84	-0.9187
59	85	0.5312
59	86	-0.9723
59	87	0.1056
59	88	0.4708
59	89	1.2667
59	90	0.6086
59	91	0.6789
59	92	1.2871
59	93	0.8593
59	94	0.8723
59	95	0.8211
59	96	0.6399
59	97	-0.2964
59	98	0.5221
59	99	0.4298
59	100	1.4445
59	101	0.5733
60	61	-0.7010
60	62	-0.1408
60	63	-0.1077
60	64	-0.6291
60	65	0.4165
60	66	0.4277
60	67	0.1509
60	68	-0.8832
60	69	-0.5495
60	70	-0.5890
60	71	1.1327
60	72	0.7341
60	73	0.0762
60	74	-0.4845
60	75	0.5433
60	76	-0.8168
60	77	-0.0609
60	78	3.4018
60	79	-0.6067
60	80	-1.0629
60	81	1.1433
60	82	-0.8233
60	83	0.4801
60	84	-0.1132
60	85	0.7637
60	86	0.1362
60	87	1.2056
60	88	0.0144
60	89	-0.0865
60	90	-1.0132
60	91	0.4700
60	92	0.7052
60	93	-0.2712
60	94	-0.1783
60	95	-0.2540
60	96	-0.4848
60	97	-0.7754
60	98	-0.3170
60	99	1.5593
60	100	0.2991
60	101	1.4272
61	62	0.3112
61	63	-1.8769
61	64	-0.2289
61	65	0.2665
61	66	0.3597
61	67	0.8205
61	68	0.1013
61	69	0.8550
61	70	-0.5990
61	71	-0.8239
61	72	0.0072
61	73	1.5154
61	74	1.0768
61	75	0.2137
61	76	3.4924
61	77	0.1738
61	78	0.2888
61	79	-0.2253
61	80	0.2848
61	81	1.6135
61	82	-1.7596
61	83	-0.1836
61	84	0.3417
61	85	0.5635
61	86	-0.1719
61	87	0.0288
61	88	0.5332
61	89	-2.3983
61	90	0.4156
61	91	1.6302
61	92	1.3792
61	93	-0.5127
61	94	0.7641
61	95	-0.0498
61	96	-1.4191
61	97	1.0058
61	98	-0.3129
61	99	-1.3366
61	100	-0.1343
61	101	0.1269
62	63	-1.2615
62	64	-0.1415
62	65	-0.4149
62	66	-1.2088
62	67	0.2826
62	68	1.6094
62	69	-0.3330
62	70	0.2979
62	71	0.1851
62	72	-0.2441
62	73	2.5906
62	74	-1.1607
62	75	-0.4383
62	76	0.8321
62	77	0.1480
62	78	0.6297
62	79	-2.5871
62	80	1.0629
62	81	-0.6220
62	82	0.0410
62	83	-1.7411
62	84	-1.6220
62	85	0.4559
62	86	1.6304
62	87	-1.2860
62	88	-1.5121
62	89	0.6635
62	90	0.4332
62	91	0.6694
62	92	-0.4760
62	93	0.6557
62	94	-0.9023
62	95	-0.1477
62	96	-1.7895
62	97	-0.1768
62	98	0.0121
62	99	0.6336
62	100	0.5690
62	101	0.2048
63	64	0.6215
63	65	-1.1886
63	66	0.0688
63	67	-1.9868
63	68	0.2510
63	69	0.5396
63	70	-1.7804
63	71	-0.4372
63	72	0.9907
63	73	0.9594
63	74	-0.9660
63	75	-0.8858
63	76	-1.1858
63	77	-1.3359
63	78	-2.5125
63	79	-0.4664
63	80	1.1538
63	81	0.0948
63	82	-1.2106
63	83	0.8167
63	84	0.9773
63	85	1.2881
63	86	0.7427
63	87	0.3087
63	88	0.1898
63	89	-0.6310
63	90	0.4032
63	91	0.1455
63	92	1.5175
63	93	-2.7750
63	94	-0.9517
63	95	0.6482
63	96	-1.3432
63	97	1.1762
63	98	-3.1743
63	99	0.8541
63	100	-0.6611
63	101	1.3370
64	65	0.5381
64	66	0.1231
64	67	-0.0757
64	68	-0.8214
64	69	-0.0167
64	70	-0.0797
64	71	1.8704
64	72	1.0318
64	73	-0.6181
64	74	2.0652
64	75	-0.7934
64	76	-0.4971
64	77	-1.2623
64	78	0.2152
64	79	-0.6856
64	80	-0.9210
64	81	0.2089
64	82	0.3331
64	83	-1.5975
64	84	-0.3730
64	85	-1.2540
64	86	0.9850
64	87	-1.4750
64	88	0.3328
64	89	-0.2902
64	90	-0.0888
64	91	0.6942
64	92	-0.2553
64	93	1.2842
64	94	-0.0654
64	95	-0.6481
64	96	0.2505
64	97	0.8059
64	98	-0.8395
64	99	-1.8564
64	100	-0.3310
64	101	0.1327
65	66	-0.3383
65	67	-0.4221
65	68	0.6889
65	69	0.1668
65	70	-0.1435
65	71	0.2753
65	72	-1.6111
65	73	0.1903
65	74	0.0324
65	75	-0.9123
65	76	-0.0047
65	77	0.6988
65	78	1.8371
65	79	-0.3013
65	80	-0.1284
65	81	1.4973
65	82	1.3230
65	83	-0.4231
65	84	0.5921
65	85	1.0205
65	86	0.2642
65	87	1.4532
65	88	0.0397
65	89	0.9924
65	90	-0.1109
65	91	2.2594
65	92	-0.6999
65	93	-1.0359
65	94	-0.5894
65	95	-0.5741
65	96	1.6661
65	97	-1.0960
65	98	-0.1883
65	99	-0.5373
65	100	-0.3490
65	101	0.6589
66	67	1.2878
66	68	-0.6232
66	69	0.6352
66	70	-0.7593
66	71	-0.2524
66	72	-0.6459
66	73	-0.2941
66	74	0.0611
66	75	1.8363
66	76	-0.1229
66	77	1.9804
66	78	1.7596
66	79	0.4474
66	80	0.8893
66	81	-1.4615
66	82	0.2275
66	83	1.3278
66	84	0.3403
66	85	1.0266
66	86	-0.6529
66	87	-0.8618
66	88	-1.2405
66	89	0.1584
66	90	-0.8451
66	91	-0.9718
66	92	0.4239
66	93	-0.8547
66	94	-0.6774
66	95	-1.8250
66	96	-0.3232
66	97	-0.2081
66	98	-0.2174
66	99	2.9661
66	100	0.1066
66	101	0.8276
67	68	0.5080
67	69	-1.3564
67	70	-0.0916
67	71	-0.9230
67	72	-1.3035
67	73	-0.7546
67	74	1.2367
67	75	-0.0224
67	76	1.3689
67	77	0.5658
67	78	-2.1035
67	79	0.4274
67	80	-1.9503
67	81	-0.7330
67	82	0.8729
67	83	-0.9615
67	84	-0.2572
67	85	-0.1930
67	86	0.4538
67	87	-0.4556
67	88	-0.5923
67	89	-0.8365
67	90	0.4613
67	91	0.6266
67	92	0.7692
67	93	-0.7485
67	94	-0.0522
67	95	-0.4208
67	96	1.4748
67	97	-1.1005
67	98	0.7814
67	99	0.1959
67	100	-0.1756
67	101	0.3893
68	69	-0.2841
68	70	1.2378
68	71	-0.1939
68	72	-1.0044
68	73	-0.2894
68	74	-0.7123
68	75	0.3968
68	76	0.3454
68	77	1.6889
68	78	0.2955
68	79	0.4999
68	80	0.8305
68	81	-2.5724
68	82	0.9211
68	83	0.4725
68	84	-1.0864
68	85	-1.4272
68	86	-0.0623
68	87	0.3965
68	88	-0.8105
68	89	-1.7784
68	90	0.1703
68	91	-0.9483
68	92	0.8176
68	93	-0.3704
68	94	-0.2276
68	95	0.7159
68	96	-2.5477
68	97	2.1940
68	98	0.5746
68	99	0.7721
68	100	1.3045
68	101	-0.5387
69	70	1.5613
69	71	-1.7743
69	72	0.0591
69	73	-0.4863
69	74	-1.5600
69	75	0.5816
69	76	-0.4377
69	77	0.5635
69	78	-0.7491
69	79	-0.1718
69	80	-0.3369
69	81	0.5937
69	82	2.2076
69	83	1.2490
69	84	0.4915
69	85	1.5671
69	86	0.5790
69	87	-0.9369
69	88	0.5713
69	89	-0.3896
69	90	-0.4108
69	91	-1.0898
69	92	0.6543
69	93	1.8576
69	94	0.4266
69	95	1.1810
69	96	0.7273
69	97	-0.6842
69	98	0.5361
69	99	-0.0328
69	100	-1.0765
69	101	-1.4862
70	71	0.8423
70	72	1.3780
70	73	-0.6217
70	74	-0.5921
70	75	-0.5440
70	76	-1.5415
70	77	-0.5373
70	78	-0.4863
70	79	-0.0205
70	80	-0.3967
70	81	-2.0698
70	82	-0.0736
70	83	0.3993
70	84	-0.5752
70	85	0.4554
70	86	0.2814
70	87	-0.1987
70	88	-0.6370
70	89	0.7861
70	90	-1.5946
70	91	-0.5933
70	92	-0.5928
70	93	1.5685
70	94	-0.3557
70	95	-1.0107
70	96	1.0408
70	97	0.1987
70	98	0.0108
70	99	-1.5683
70	100	-0.7231
70	101	0.1636
71	72	-0.1668
71	73	-1.4167
71	74	0.1135
71	75	0.3379
71	76	2.1237
71	77	-2.8549
71	78	-1.0084
71	79	0.0694
71	80	1.2200
71	81	0.6697
71	82	-1.0730
71	83	0.0887
71	84	0.8759
71	85	-1.5784
71	86	-0.1919
71	87	-0.2455
71	88	0.4781
71	89	-0.1767
71	90	1.0360
71	91	0.8981
71	92	-0.7996
71	93	1.7613
71	94	-0.6133
71	95	-0.0121
71	96	0.9669
71	97	-0.7584
71	98	0.4458
71	99	-0.7918
71	100	0.7479
71	101	0.7176
72	73	1.1700
72	74	-0.1961
72	75	0.9003
72	76	-0.9581
72	77	-0.4926
72	78	0.4163
72	79	1.2763
72	80	0.4896
72	81	0.2610
72	82	-0.4711
72	83	-0.5483
72	84	1.8694
72	85	-2.4996
72	86	3.0084
72	87	1.3408
72	88	-0.5627
72	89	1.2067
72	90	-0.5290
72	91	0.1369
72	92	0.7553
72	93	-0.4206
72	94	0.1271
72	95	0.0859
72	96	-0.3260
72	97	-0.4069
72	98	0.2407
72	99	0.7210
72	100	0.9223
72	101	0.0875
73	74	0.3901
73	75	-0.2145
73	76	-0.6690
73	77	-0.6084
73	78	-0.7158
73	79	-0.2280
73	80	-0.8722
73	81	0.8009
73	82	-1.6795
73	83	0.4744
73	84	0.0399
73	85	-0.4955
73	86	-0.7750
73	87	-0.7397
73	88	-0.3970
73	89	0.0513
73	90	-0.5056
73	91	-0.7418
73	92	0.7753
73	93	-0.8717
73	94	-0.2916
73	95	0.0729
73	96	-1.0084
73	97	-0.7013
73	98	-0.7158
73	99	1.2521
73	100	-0.3455
73	101	-0.0973
74	75	1.5360
74	76	0.6838
74	77	-0.2285
74	78	1.4536
74	79	-0.4633
74	80	0.2506
74	81	-0.3903
74	82	-0.7490
74	83	0.0195
74	84	0.6500
74	85	0.8952
74	86	0.6081
74	87	0.5481
74	88	1.0369
74	89	-0.8055
74	90	-0.5597
74	91	-0.6993
74	92	0.2413
74	93	0.0831
74	94	-0.4157
74	95	0.5365
74	96	-0.3845
74	97	0.8909
74	98	-1.3761
74	99	1.0072
74	100	0.3328
74	101	0.2503
75	76	0.2304
75	77	1.4313
75	78	0.2042
75	79	-1.0957
75	80	0.9351
75	81	0.6867
75	82	0.2634
75	83	-1.1571
75	84	-2.0239
75	85	-0.6958
75	86	1.3435
75	87	-0.0921
75	88	0.2559
75	89	-1.2424
75	90	-0.4406
75	91	0.7641
75	92	0.7272
75	93	1.7211
75	94	0.2692
75	95	-0.1395
75	96	0.7307
75	97	-1.5927
75	98	1.3223
75	99	0.7391
75	100	0.4432
75	101	1.1485
76	77	0.5728
76	78	0.7357
76	79	-1.2280
76	80	-0.0789
76	81	0.0763
76	82	0.4450
76	83	1.2416
76	84	0.0139
76	85	1.5859
76	86	-0.1243
76	87	-1.3385
76	88	0.0028
76	89	-0.7654
76	90	0.3062
76	91	0.8589
76	92	0.4926
76	93	1.6211
76	94	-0.8193
76	95	0.1084
76	96	-0.6067
76	97	0.2812
76	98	-0.3866
76	99	0.2734
76	100	-0.7211
76	101	-0.2839
77	78	0.2406
77	79	-0.1679
77	80	-1.7066
77	81	1.5163
77	82	-0.4570
77	83	-0.4028
77	84	1.0282
77	85	0.0200
77	86	-0.4051
77	87	-0.1385
77	88	1.1228
77	89	-0.0819
77	90	-0.0889
77	91	-0.4853
77	92	-0.0498
77	93	-1.5034
77	94	0.6051
77	95	-0.4242
77	96	-0.7410
77	97	-2.2039
77	98	0.7029
77	99	-0.4063
77	100	-0.3563
77	101	-0.2458
78	79	1.3658
78	80	0.7381
78	81	0.7629
78	82	-0.0943
78	83	-0.2900
78	84	0.9386
78	85	1.0065
78	86	-0.1977
78	87	-0.7250
78	88	-0.7865
78	89	0.5198
78	90	0.4600
78	91	-0.2823
78	92	0.2310
78	93	1.1926
78	94	0.4387
78	95	1.6863
78	96	0.0385
78	97	-1.0281
78	98	0.5858
78	99	-1.1210
78	100	1.1374
78	101	0.4228
79	80	0.3586
79	81	-0.5207
79	82	0.4427
79	83	-0.1770
79	84	-0.7569
79	85	-0.6132
79	86	0.2199
79	87	1.5482
79	88	-0.7967
79	89	0.2807
79	90	-1.4666
79	91	-0.1147
79	92	-0.9499
79	93	-0.2887
79	94	-0.3850
79	95	-0.3051
79	96	0.3519
79	97	0.6753
79	98	1.4738
79	99	-1.1605
79	100	0.5032
79	101	0.0984
80	81	0.8694
80	82	-0.4113
80	83	-0.7372
80	84	-0.5033
80	85	1.8182
80	86	0.2766
80	87	1.1324
80	88	-1.4894
80	89	0.1953
80	90	1.0958
80	91	0.4353
80	92	0.4542
80	93	0.3145
80	94	-1.5008
80	95	0.5574
80	96	-0.7651
80	97	1.0181
80	98	-1.5463
80	99	0.1275
80	100	0.1975
80	101	-0.7266
81	82	-0.8758
81	83	0.4446
81	84	-0.7775
81	85	-0.6230
81	86	-0.1443
81	87	-0.1481
81	88	0.0197
81	89	0.9046
81	90	2.1053
81	91	0.4507
81	92	-1.1181
81	93	0.4157
81	94	-0.1802
81	95	0.6734
81	96	0.5622
81	97	-0.5859
81	98	0.9098
81	99	-0.7892
81	100	0.6059
81	101	-0.2484
82	83	-0.8319
82	84	0.6099
82	85	-0.9394
82	86	-0.3792
82	87	0.4593
82	88	-0.4784
82	89	0.1193
82	90	-0.1164
82	91	-1.3725
82	92	-0.4265
82	93	0.5326
82	94	-0.6560
82	95	-0.2904
82	96	-1.0664
82	97	0.1653
82	98	0.4676
82	99	1.8265
82	100	0.2006
82	101	1.5530
83	84	-0.5282
83	85	-1.8415
83	86	1.1707
83	87	2.6607
83	88	0.7697
83	89	0.9613
83	90	-0.2199
83	91	-1.5289
83	92	-1.7609
83	93	-0.8537
83	94	1.5108
83	95	1.1135
83	96	-1.3443
83	97	0.6013
83	98	2.5332
83	99	-0.9344
83	100	1.2619
83	101	0.2281
84	85	0.9973
84	86	0.2926
84	87	-0.4248
84	88	0.1332
84	89	-0.1884
84	90	0.3022
84	91	0.3377
84	92	-0.8012
84	93	0.2083
84	94	-0.8689
84	95	0.8623
84	96	0.2935
84	97	-0.1531
84	98	-0.7643
84	99	0.2310
84	100	-0.1925
84	101	0.0174
85	86	0.8068
85	87	-1.6147
85	88	-0.4585
85	89	0.2965
85	90	-0.6937
85	91	-0.1609
85	92	0.0075
85	93	0.2040
85	94	-0.4142
85	95	-0.9913
85	96	0.0496
85	97	-0.4460
85	98	2.2458
85	99	1.6606
85	100	-0.1727
85	101	0.1433
86	87	-0.4995
86	88	-0.4988
86	89	0.3435
86	90	-0.0200
86	91	-1.0237
86	92	0.8258
86	93	-1.3136
86	94	-1.7689
86	95	2.7643
86	96	0.5936
86	97	-0.4613
86	98	0.7380
86	99	-1.1122
86	100	0.3171
86	101	-0.3874
87	88	1.9177
87	89	0.3455
87	90	0.9944
87	91	-0.2239
87	92	-0.9249
87	93	-0.9216
87	94	-0.0167
87	95	-0.1218
87	96	1.4708
87	97	1.3616
87	98	-1.5408
87	99	-1.0191
87	100	0.8720
87	101	-1.2936
88	89	0.4146
88	90	-0.1191
88	91	2.5980
88	92	0.8567
88	93	0.0596
88	94	-1.4922
88	95	0.8361
88	96	-1.3786
88	97	0.0441
88	98	-0.5373
88	99	-0.4666
88	100	1.4498
88	101	-1.5778
89	90	1.9507
89	91	0.7446
89	92	0.0008
89	93	-0.5833
89	94	1.4718
89	95	-0.8735
89	96	-0.2871
89	97	-1.3292
89	98	1.1247
89	99	0.0141
89	100	-1.3053
89	101	-0.0161
90	91	0.6540
90	92	-0.3261
90	93	-1.0014
90	94	-0.0844
90	95	-0.2233
90	96	-0.2938
90	97	-1.3418
90	98	-0.5461
90	99	1.6323
90	100	-0.3139
90	101	-0.5642
91	92	0.7755
91	93	-0.6169
91	94	0.0310
91	95	-0.4303
91	96	-1.7727
91	97	0.9174
91	98	0.0799
91	99	-1.0325
91	100	1.3226
91	101	0.4846
92	93	2.5503
92	94	1.1322
92	95	1.5627
92	96	0.6807
92	97	-0.6479
92	98	0.1244
92	99	0.3668
92	100	-1.5957
92	101	-0.0723
93	94	-0.2440
93	95	0.6273
93	96	-1.4114
93	97	-1.7434
93	98	-1.4844
93	99	0.9655
93	100	1.3275
93	101	0.5970
94	95	-0.3656
94	96	0.7253
94	97	-0.4757
94	98	-1.0992
94	99	-0.4610
94	100	0.0037
94	101	0.2348
95	96	1.2577
95	97	-1.1946
95	98	0.0593
95	99	-0.8483
95	100	0.1091
95	101	-0.7200
96	97	1.7138
96	98	0.3782
96	99	-0.1463
96	100	-0.4079
96	101	-0.6021
97	98	-0.5780
97	99	-0.3850
97	100	-0.5708
97	101	-0.1222
98	99	1.6453
98	100	-1.1829
98	101	0.0733
99	100	-0.2756
99	101	2.3193
100	101	0.1387
